DateTime_Out,Line,Feed,OutputGood,Scrap
2018-01-02 06:00:00,1,1982,1296,686
2018-01-02 06:00:00,2,1246,594,652
2018-01-02 07:00:00,1,3892,3834,58
2018-01-02 07:00:00,2,6640,6570,70
2018-01-02 08:00:00,1,6256,5994,262
2018-01-02 08:00:00,2,10060,9990,70
2018-01-02 09:00:00,1,6480,6210,270
2018-01-02 09:00:00,2,4687,5202,-515
2018-01-02 10:00:00,1,7682,7452,230
2018-01-02 10:00:00,2,4474,3996,478
2018-01-02 11:00:00,1,7948,7668,280
2018-01-02 11:00:00,2,9608,9396,212
2018-01-02 12:00:00,1,7688,7452,236
2018-01-02 12:00:00,2,10840,10746,94
2018-01-02 13:00:00,1,7276,7398,-122
2018-01-02 13:00:00,2,10076,10098,-22
2018-01-02 14:00:00,1,5356,5184,172
2018-01-02 14:00:00,2,10007,9990,17
2018-01-02 15:00:00,1,10776,10584,192
2018-01-02 15:00:00,2,9928,9828,100
2018-01-02 16:00:00,1,9680,9720,-40
2018-01-02 16:00:00,2,10260,10098,162
2018-01-02 17:00:00,2,11024,10962,62
2018-01-02 18:00:00,1,3136,3078,58
2018-01-02 18:00:00,2,9632,9558,74
2018-01-02 19:00:00,1,8880,8856,24
2018-01-02 19:00:00,2,10476,10368,108
2018-01-02 20:00:00,1,8551,8316,235
2018-01-02 20:00:00,2,10400,10368,32
2018-01-02 21:00:00,1,6772,6696,76
2018-01-02 21:00:00,2,10452,10422,30
2018-01-02 22:00:00,1,3512,4014,-502
2018-01-02 22:00:00,2,9747,9666,81
2018-01-02 23:00:00,1,2230,1674,556
2018-01-02 23:00:00,2,10380,10314,66
2018-01-03 00:00:00,1,7460,7398,62
2018-01-03 00:00:00,2,9776,9666,110
2018-01-03 01:00:00,1,8324,8208,116
2018-01-03 01:00:00,2,9232,9180,52
2018-01-03 02:00:00,1,9796,9828,-32
2018-01-03 02:00:00,2,9872,9882,-10
2018-01-03 03:00:00,1,9632,9288,344
2018-01-03 03:00:00,2,9264,9180,84
2018-01-03 04:00:00,1,9899,9828,71
2018-01-03 04:00:00,2,1304,1332,-28
2018-01-03 05:00:00,1,8460,8532,-72
2018-01-03 05:00:00,2,10288,10152,136
2018-01-03 06:00:00,1,6335,6048,287
2018-01-03 06:00:00,2,5239,5292,-53
2018-01-03 07:00:00,1,8443,8424,19
2018-01-03 07:00:00,2,6496,6426,70
2018-01-03 08:00:00,1,9244,9126,118
2018-01-03 08:00:00,2,9823,9828,-5
2018-01-03 09:00:00,1,7912,7722,190
2018-01-03 09:00:00,2,9296,9270,26
2018-01-03 10:00:00,1,8352,8262,90
2018-01-03 10:00:00,2,5856,5670,186
2018-01-03 11:00:00,1,9771,9666,105
2018-01-03 11:00:00,2,9712,9666,46
2018-01-03 12:00:00,1,7632,7452,180
2018-01-03 12:00:00,2,10056,10098,-42
2018-01-03 13:00:00,1,8544,8424,120
2018-01-03 13:00:00,2,8024,7884,140
2018-01-03 14:00:00,1,6661,6588,73
2018-01-03 14:00:00,2,9562,9558,4
2018-01-03 15:00:00,1,9024,8856,168
2018-01-03 15:00:00,2,10388,10260,128
2018-01-03 16:00:00,1,9207,9072,135
2018-01-03 16:00:00,2,10380,10314,66
2018-01-03 17:00:00,1,8819,8802,17
2018-01-03 17:00:00,2,9464,9450,14
2018-01-03 18:00:00,1,8296,8046,250
2018-01-03 18:00:00,2,4134,3996,138
2018-01-03 19:00:00,2,5912,5832,80
2018-01-03 20:00:00,2,5844,5832,12
2018-01-03 21:00:00,1,8120,8154,-34
2018-01-03 21:00:00,2,10183,10206,-23
2018-01-03 22:00:00,1,7980,7722,258
2018-01-03 22:00:00,2,10272,10260,12
2018-01-03 23:00:00,1,9264,9072,192
2018-01-03 23:00:00,2,10032,9936,96
2018-01-04 00:00:00,1,4488,4320,168
2018-01-04 00:00:00,2,8572,8478,94
2018-01-04 01:00:00,1,7796,7614,182
2018-01-04 01:00:00,2,10136,10044,92
2018-01-04 02:00:00,1,9419,9342,77
2018-01-04 02:00:00,2,8567,8532,35
2018-01-04 03:00:00,1,8223,7938,285
2018-01-04 03:00:00,2,10331,10260,71
2018-01-04 04:00:00,1,9356,9126,230
2018-01-04 04:00:00,2,9960,9882,78
2018-01-04 05:00:00,1,9904,9882,22
2018-01-04 05:00:00,2,10532,10584,-52
2018-01-04 06:00:00,1,9168,9126,42
2018-01-04 06:00:00,2,10620,10476,144
2018-01-04 07:00:00,1,5104,4914,190
2018-01-04 07:00:00,2,9154,9126,28
2018-01-04 08:00:00,1,684,540,144
2018-01-04 08:00:00,2,10076,10044,32
2018-01-04 09:00:00,1,7967,7884,83
2018-01-04 09:00:00,2,10296,10260,36
2018-01-04 10:00:00,1,2358,2376,-18
2018-01-04 10:00:00,2,9768,9666,102
2018-01-04 11:00:00,1,152,162,-10
2018-01-04 11:00:00,2,9536,9558,-22
2018-01-04 12:00:00,1,5791,5724,67
2018-01-04 12:00:00,2,7762,8154,-392
2018-01-04 13:00:00,1,8924,8748,176
2018-01-04 13:00:00,2,3522,2970,552
2018-01-04 14:00:00,1,8240,8262,-22
2018-01-04 14:00:00,2,9892,9828,64
2018-01-04 15:00:00,1,5650,6120,-470
2018-01-04 15:00:00,2,5144,5022,122
2018-01-04 16:00:00,2,2914,2808,106
2018-01-04 17:00:00,1,6066,5616,450
2018-01-04 17:00:00,2,9268,9234,34
2018-01-04 18:00:00,1,8280,8100,180
2018-01-04 18:00:00,2,8464,8478,-14
2018-01-04 19:00:00,1,8100,8046,54
2018-01-04 19:00:00,2,10139,10044,95
2018-01-04 20:00:00,1,9710,9558,152
2018-01-04 20:00:00,2,9536,9504,32
2018-01-04 21:00:00,1,9584,9504,80
2018-01-04 21:00:00,2,7904,7884,20
2018-01-04 22:00:00,1,8263,8316,-53
2018-01-04 22:00:00,2,7868,7776,92
2018-01-04 23:00:00,1,10224,10152,72
2018-01-04 23:00:00,2,9948,9882,66
2018-01-05 00:00:00,1,8868,8748,120
2018-01-05 00:00:00,2,9888,9828,60
2018-01-05 01:00:00,1,6256,6156,100
2018-01-05 01:00:00,2,10358,10260,98
2018-01-05 02:00:00,1,52,54,-2
2018-01-05 02:00:00,2,10210,10152,58
2018-01-05 03:00:00,1,9400,9414,-14
2018-01-05 03:00:00,2,9828,9720,108
2018-01-05 04:00:00,1,10104,10044,60
2018-01-05 04:00:00,2,9856,9882,-26
2018-01-05 05:00:00,1,9430,9396,34
2018-01-05 05:00:00,2,9696,9720,-24
2018-01-05 06:00:00,1,9128,9018,110
2018-01-05 06:00:00,2,9340,9072,268
2018-01-05 07:00:00,1,6946,7416,-470
2018-01-05 07:00:00,2,9466,9450,16
2018-01-05 08:00:00,2,9830,9720,110
2018-01-05 09:00:00,2,8088,7938,150
2018-01-05 10:00:00,2,9740,9774,-34
2018-01-05 11:00:00,2,9712,9558,154
2018-01-05 12:00:00,2,3450,4014,-564
2018-01-05 13:00:00,2,3598,3024,574
2018-01-05 14:00:00,1,3868,3510,358
2018-01-05 14:00:00,2,4924,4860,64
2018-01-05 15:00:00,1,9980,9828,152
2018-01-05 15:00:00,2,4996,4806,190
2018-01-05 16:00:00,1,9836,9774,62
2018-01-05 16:00:00,2,8016,7884,132
2018-01-05 17:00:00,1,10056,10098,-42
2018-01-05 17:00:00,2,4797,4590,207
2018-01-05 18:00:00,1,10152,10098,54
2018-01-05 18:00:00,2,8776,8694,82
2018-01-05 19:00:00,1,10044,9936,108
2018-01-05 19:00:00,2,6784,6804,-20
2018-01-05 20:00:00,1,9471,9396,75
2018-01-05 20:00:00,2,7800,7614,186
2018-01-05 21:00:00,1,9724,9666,58
2018-01-05 21:00:00,2,9072,8856,216
2018-01-05 22:00:00,1,9744,9612,132
2018-01-05 22:00:00,2,1686,2178,-492
2018-01-05 23:00:00,1,8756,8802,-46
2018-01-06 00:00:00,1,9192,9180,12
2018-01-06 01:00:00,1,9974,9774,200
2018-01-06 02:00:00,1,9795,9774,21
2018-01-06 03:00:00,1,9199,9126,73
2018-01-06 04:00:00,1,8941,8802,139
2018-01-06 05:00:00,1,9019,9018,1
2018-01-06 06:00:00,1,9779,9612,167
2018-01-06 07:00:00,1,8950,9018,-68
2018-01-06 07:00:00,2,5534,4914,620
2018-01-06 08:00:00,1,8556,8424,132
2018-01-06 08:00:00,2,10088,10044,44
2018-01-06 09:00:00,1,8040,7938,102
2018-01-06 09:00:00,2,10628,10584,44
2018-01-06 10:00:00,1,7520,7560,-40
2018-01-06 10:00:00,2,10372,10314,58
2018-01-06 11:00:00,1,9672,9450,222
2018-01-06 11:00:00,2,10210,10098,112
2018-01-06 12:00:00,1,8204,8316,-112
2018-01-06 12:00:00,2,7834,7830,4
2018-01-06 13:00:00,1,10436,10260,176
2018-01-06 13:00:00,2,10764,10638,126
2018-01-06 14:00:00,1,8767,8640,127
2018-01-06 14:00:00,2,5354,5832,-478
2018-01-06 15:00:00,1,5945,5886,59
2018-01-06 16:00:00,1,8596,8532,64
2018-01-06 17:00:00,1,7914,7938,-24
2018-01-06 18:00:00,1,7455,7344,111
2018-01-06 19:00:00,1,6120,6156,-36
2018-01-06 20:00:00,1,9028,8910,118
2018-01-06 21:00:00,1,3063,3186,-123
2018-01-06 22:00:00,1,9095,8856,239
2018-01-06 23:00:00,1,10060,9936,124
2018-01-07 00:00:00,1,5024,5508,-484
2018-01-07 01:00:00,1,6966,6318,648
2018-01-07 02:00:00,1,8999,8964,35
2018-01-07 03:00:00,1,9440,9288,152
2018-01-07 04:00:00,1,8060,7884,176
2018-01-07 05:00:00,1,8403,8316,87
2018-01-07 06:00:00,1,7828,7830,-2
2018-01-07 06:00:00,2,2882,2268,614
2018-01-07 07:00:00,1,7900,7722,178
2018-01-07 07:00:00,2,9892,9828,64
2018-01-07 08:00:00,1,9108,9018,90
2018-01-07 08:00:00,2,10512,10476,36
2018-01-07 09:00:00,1,8727,8694,33
2018-01-07 09:00:00,2,10652,10584,68
2018-01-07 10:00:00,1,8742,8748,-6
2018-01-07 10:00:00,2,9320,9504,-184
2018-01-07 11:00:00,1,10184,10044,140
2018-01-07 11:00:00,2,10344,10044,300
2018-01-07 12:00:00,1,9712,9666,46
2018-01-07 12:00:00,2,9956,9936,20
2018-01-07 13:00:00,1,9588,9558,30
2018-01-07 13:00:00,2,10412,10260,152
2018-01-07 14:00:00,1,10312,10206,106
2018-01-07 14:00:00,2,10344,10314,30
2018-01-07 15:00:00,1,6880,6804,76
2018-01-07 15:00:00,2,10064,9990,74
2018-01-07 16:00:00,1,9551,9558,-7
2018-01-07 16:00:00,2,4190,4716,-526
2018-01-07 17:00:00,1,9368,9234,134
2018-01-07 17:00:00,2,7653,7020,633
2018-01-07 18:00:00,1,7688,7722,-34
2018-01-07 18:00:00,2,7728,7722,6
2018-01-07 19:00:00,1,5100,5022,78
2018-01-07 19:00:00,2,6948,6804,144
2018-01-07 20:00:00,1,5479,5400,79
2018-01-07 20:00:00,2,10080,10044,36
2018-01-07 21:00:00,1,7595,7614,-19
2018-01-07 21:00:00,2,9248,9234,14
2018-01-07 22:00:00,1,6925,6804,121
2018-01-07 22:00:00,2,10452,10368,84
2018-01-07 23:00:00,1,8088,8208,-120
2018-01-07 23:00:00,2,9584,9504,80
2018-01-08 00:00:00,1,5546,5868,-322
2018-01-08 00:00:00,2,10696,10638,58
2018-01-08 01:00:00,1,5506,4860,646
2018-01-08 01:00:00,2,10316,10260,56
2018-01-08 02:00:00,1,9363,9288,75
2018-01-08 02:00:00,2,9448,9342,106
2018-01-08 03:00:00,1,8624,8424,200
2018-01-08 03:00:00,2,10160,10152,8
2018-01-08 04:00:00,1,8634,8478,156
2018-01-08 04:00:00,2,10696,10638,58
2018-01-08 05:00:00,1,6382,6426,-44
2018-01-08 05:00:00,2,10412,10368,44
2018-01-08 06:00:00,1,6784,6588,196
2018-01-08 06:00:00,2,10848,10800,48
2018-01-08 07:00:00,1,8804,8640,164
2018-01-08 07:00:00,2,10224,10206,18
2018-01-08 08:00:00,1,9324,9180,144
2018-01-08 08:00:00,2,10700,10638,62
2018-01-08 09:00:00,1,8920,8910,10
2018-01-08 09:00:00,2,10688,10584,104
2018-01-08 10:00:00,1,9176,8964,212
2018-01-08 10:00:00,2,10804,10746,58
2018-01-08 11:00:00,1,9388,9288,100
2018-01-08 11:00:00,2,9819,9666,153
2018-01-08 12:00:00,1,6698,6642,56
2018-01-08 12:00:00,2,10836,10800,36
2018-01-08 13:00:00,1,10095,10044,51
2018-01-08 13:00:00,2,10472,10422,50
2018-01-08 14:00:00,1,8943,8802,141
2018-01-08 14:00:00,2,10915,10800,115
2018-01-08 15:00:00,1,9863,9720,143
2018-01-08 15:00:00,2,9918,9882,36
2018-01-08 16:00:00,1,7490,7974,-484
2018-01-08 16:00:00,2,2746,3294,-548
2018-01-08 17:00:00,1,94,0,94
2018-01-08 17:00:00,2,4674,4050,624
2018-01-08 18:00:00,1,5087,4698,389
2018-01-08 18:00:00,2,9900,9882,18
2018-01-08 19:00:00,1,9530,9450,80
2018-01-08 19:00:00,2,8668,8586,82
2018-01-08 20:00:00,1,9436,9288,148
2018-01-08 20:00:00,2,8995,8910,85
2018-01-08 21:00:00,1,10376,10260,116
2018-01-08 21:00:00,2,4752,4698,54
2018-01-08 22:00:00,1,10096,10044,52
2018-01-08 22:00:00,2,8948,8910,38
2018-01-08 23:00:00,1,8564,8586,-22
2018-01-08 23:00:00,2,10564,10530,34
2018-01-09 00:00:00,1,9801,9720,81
2018-01-09 00:00:00,2,10256,10152,104
2018-01-09 01:00:00,1,8720,8586,134
2018-01-09 01:00:00,2,10488,10476,12
2018-01-09 02:00:00,1,9963,9882,81
2018-01-09 02:00:00,2,9520,9396,124
2018-01-09 03:00:00,1,8088,7938,150
2018-01-09 03:00:00,2,6596,6588,8
2018-01-09 04:00:00,1,8072,8046,26
2018-01-09 04:00:00,2,8344,8262,82
2018-01-09 05:00:00,1,7340,7290,50
2018-01-09 05:00:00,2,9935,9882,53
2018-01-09 06:00:00,1,9199,9126,73
2018-01-09 06:00:00,2,6172,6102,70
2018-01-09 07:00:00,1,8916,8910,6
2018-01-09 07:00:00,2,9240,9234,6
2018-01-09 08:00:00,1,8936,8856,80
2018-01-09 08:00:00,2,9584,9558,26
2018-01-09 09:00:00,1,7980,7830,150
2018-01-09 09:00:00,2,8116,8208,-92
2018-01-09 10:00:00,1,4476,4482,-6
2018-01-09 10:00:00,2,8056,7830,226
2018-01-09 11:00:00,1,9792,9666,126
2018-01-09 11:00:00,2,10416,10422,-6
2018-01-09 12:00:00,1,5893,6372,-479
2018-01-09 12:00:00,2,10684,10530,154
2018-01-09 13:00:00,1,5113,4644,469
2018-01-09 13:00:00,2,9317,9288,29
2018-01-09 14:00:00,1,10143,9990,153
2018-01-09 14:00:00,2,8916,8856,60
2018-01-09 15:00:00,1,9276,9234,42
2018-01-09 15:00:00,2,10308,10206,102
2018-01-09 16:00:00,1,9684,9612,72
2018-01-09 16:00:00,2,8644,8694,-50
2018-01-09 17:00:00,1,8366,8316,50
2018-01-09 17:00:00,2,7628,7344,284
2018-01-09 18:00:00,1,9112,9018,94
2018-01-09 18:00:00,2,9159,9126,33
2018-01-09 19:00:00,1,8578,8586,-8
2018-01-09 19:00:00,2,8470,8982,-512
2018-01-09 20:00:00,1,8399,8316,83
2018-01-09 21:00:00,1,9132,9072,60
2018-01-09 21:00:00,2,8434,7884,550
2018-01-09 22:00:00,1,9376,9342,34
2018-01-09 22:00:00,2,9368,9234,134
2018-01-09 23:00:00,1,8824,8694,130
2018-01-09 23:00:00,2,9110,9072,38
2018-01-10 00:00:00,1,8868,8856,12
2018-01-10 00:00:00,2,8396,8370,26
2018-01-10 01:00:00,1,8956,8892,64
2018-01-10 01:00:00,2,8296,8262,34
2018-01-10 02:00:00,1,9924,9882,42
2018-01-10 02:00:00,2,9796,9666,130
2018-01-10 03:00:00,1,9448,9342,106
2018-01-10 03:00:00,2,9976,9936,40
2018-01-10 04:00:00,1,9196,9180,16
2018-01-10 04:00:00,2,8014,8046,-32
2018-01-10 05:00:00,1,6211,6102,109
2018-01-10 05:00:00,2,9716,9612,104
2018-01-10 06:00:00,1,8980,9018,-38
2018-01-10 06:00:00,2,9428,9342,86
2018-01-10 07:00:00,1,8812,8748,64
2018-01-10 07:00:00,2,9398,9288,110
2018-01-10 08:00:00,1,8340,8262,78
2018-01-10 08:00:00,2,6613,6588,25
2018-01-10 09:00:00,1,8584,8532,52
2018-01-10 09:00:00,2,8331,8262,69
2018-01-10 10:00:00,1,7650,7560,90
2018-01-10 10:00:00,2,10264,10206,58
2018-01-10 11:00:00,1,7092,7236,-144
2018-01-10 11:00:00,2,7116,7128,-12
2018-01-10 12:00:00,1,9003,8694,309
2018-01-10 12:00:00,2,9096,9018,78
2018-01-10 13:00:00,1,8700,8694,6
2018-01-10 13:00:00,2,10055,9936,119
2018-01-10 14:00:00,1,9520,9396,124
2018-01-10 14:00:00,2,9793,9720,73
2018-01-10 15:00:00,1,7669,7668,1
2018-01-10 15:00:00,2,4571,4752,-181
2018-01-10 16:00:00,1,6993,6912,81
2018-01-10 16:00:00,2,8852,8532,320
2018-01-10 17:00:00,1,4572,4644,-72
2018-01-10 17:00:00,2,8780,8694,86
2018-01-10 18:00:00,1,7919,7830,89
2018-01-10 18:00:00,2,9872,9936,-64
2018-01-10 19:00:00,1,7561,7506,55
2018-01-10 19:00:00,2,10500,10368,132
2018-01-10 20:00:00,1,4312,4374,-62
2018-01-10 20:00:00,2,9740,9666,74
2018-01-10 21:00:00,1,620,486,134
2018-01-10 21:00:00,2,9712,9666,46
2018-01-10 22:00:00,1,8936,8856,80
2018-01-10 22:00:00,2,9220,9180,40
2018-01-10 23:00:00,1,9676,9720,-44
2018-01-10 23:00:00,2,10460,10422,38
2018-01-11 00:00:00,1,4690,5148,-458
2018-01-11 00:00:00,2,9724,9666,58
2018-01-11 01:00:00,1,5394,4860,534
2018-01-11 01:00:00,2,7896,7830,66
2018-01-11 02:00:00,1,9056,9018,38
2018-01-11 02:00:00,2,9836,9828,8
2018-01-11 03:00:00,1,9363,9234,129
2018-01-11 03:00:00,2,10408,10260,148
2018-01-11 04:00:00,1,9256,9180,76
2018-01-11 04:00:00,2,9932,10044,-112
2018-01-11 05:00:00,1,4466,4428,38
2018-01-11 05:00:00,2,9130,9018,112
2018-01-11 06:00:00,1,7256,7236,20
2018-01-11 06:00:00,2,9920,9774,146
2018-01-11 07:00:00,1,4232,4212,20
2018-01-11 07:00:00,2,5671,6174,-503
2018-01-11 08:00:00,1,4984,4914,70
2018-01-11 08:00:00,2,386,0,386
2018-01-11 09:00:00,1,3378,3294,84
2018-01-11 09:00:00,2,8132,7830,302
2018-01-11 10:00:00,1,6012,5994,18
2018-01-11 10:00:00,2,10020,9882,138
2018-01-11 11:00:00,1,3996,3942,54
2018-01-11 11:00:00,2,9036,9126,-90
2018-01-11 12:00:00,1,4364,4320,44
2018-01-11 12:00:00,2,5585,5868,-283
2018-01-11 13:00:00,1,6609,6588,21
2018-01-11 13:00:00,2,1510,1026,484
2018-01-11 14:00:00,1,7660,7560,100
2018-01-11 14:00:00,2,9852,9774,78
2018-01-11 15:00:00,1,9516,9504,12
2018-01-11 15:00:00,2,10428,10260,168
2018-01-11 16:00:00,1,5040,5022,18
2018-01-11 16:00:00,2,9376,9396,-20
2018-01-11 17:00:00,1,5424,5346,78
2018-01-11 17:00:00,2,8120,8100,20
2018-01-11 18:00:00,1,5935,5886,49
2018-01-11 18:00:00,2,9900,9720,180
2018-01-11 19:00:00,1,5551,5562,-11
2018-01-11 19:00:00,2,9398,9396,2
2018-01-11 20:00:00,1,164,108,56
2018-01-11 20:00:00,2,7784,7830,-46
2018-01-11 21:00:00,1,9044,8964,80
2018-01-11 21:00:00,2,8830,8586,244
2018-01-11 22:00:00,1,9266,9234,32
2018-01-11 22:00:00,2,9060,8964,96
2018-01-11 23:00:00,1,7352,7398,-46
2018-01-11 23:00:00,2,8784,8856,-72
2018-01-12 00:00:00,1,8236,8046,190
2018-01-12 00:00:00,2,3772,3726,46
2018-01-12 01:00:00,1,6624,6534,90
2018-01-12 01:00:00,2,5980,5778,202
2018-01-12 02:00:00,1,7339,7236,103
2018-01-12 02:00:00,2,9980,9936,44
2018-01-12 03:00:00,1,8431,8424,7
2018-01-12 03:00:00,2,9968,10098,-130
2018-01-12 04:00:00,1,5096,5076,20
2018-01-12 04:00:00,2,9480,9234,246
2018-01-12 05:00:00,1,7732,7614,118
2018-01-12 05:00:00,2,10296,10260,36
2018-01-12 06:00:00,1,7887,7830,57
2018-01-12 06:00:00,2,10340,10314,26
2018-01-12 07:00:00,1,5692,5670,22
2018-01-12 07:00:00,2,10172,10152,20
2018-01-12 08:00:00,1,8980,8910,70
2018-01-12 08:00:00,2,10116,9990,126
2018-01-12 09:00:00,1,9482,9396,86
2018-01-12 09:00:00,2,9076,8964,112
2018-01-12 10:00:00,1,4556,4536,20
2018-01-12 10:00:00,2,1476,1512,-36
2018-01-12 11:00:00,1,2968,2916,52
2018-01-12 11:00:00,2,4692,4698,-6
2018-01-12 12:00:00,2,1987,2160,-173
2018-01-12 14:00:00,1,0,108,-108
2018-01-12 17:00:00,2,5664,5400,264
2018-01-12 18:00:00,2,10188,10098,90
2018-01-12 19:00:00,1,7096,6912,184
2018-01-12 19:00:00,2,9932,9828,104
2018-01-12 20:00:00,1,8186,8154,32
2018-01-12 20:00:00,2,6556,6570,-14
2018-01-12 21:00:00,1,8232,8100,132
2018-01-12 21:00:00,2,9076,9558,-482
2018-01-12 22:00:00,1,8319,8208,111
2018-01-12 23:00:00,1,8971,9018,-47
2018-01-13 00:00:00,1,8992,8856,136
2018-01-13 01:00:00,1,9460,9396,64
2018-01-13 02:00:00,1,4716,5184,-468
2018-01-13 03:00:00,1,6948,6372,576
2018-01-13 04:00:00,1,9418,9342,76
2018-01-13 05:00:00,1,8363,8262,101
2018-01-13 06:00:00,1,7852,7938,-86
2018-01-13 07:00:00,1,6852,6588,264
2018-01-13 08:00:00,1,7004,6966,38
2018-01-13 09:00:00,1,9492,9396,96
2018-01-13 10:00:00,1,9928,9882,46
2018-01-13 11:00:00,1,8675,8586,89
2018-01-13 12:00:00,1,9670,9558,112
2018-01-13 13:00:00,1,9196,9126,70
2018-01-13 14:00:00,1,9199,9072,127
2018-01-13 15:00:00,1,9808,9828,-20
2018-01-13 16:00:00,1,10256,10098,158
2018-01-13 17:00:00,1,10160,10098,62
2018-01-13 18:00:00,1,9832,9828,4
2018-01-13 19:00:00,1,10080,9936,144
2018-01-13 20:00:00,1,9980,9990,-10
2018-01-13 21:00:00,1,10025,9882,143
2018-01-13 22:00:00,1,9955,9990,-35
2018-01-13 23:00:00,1,9876,9720,156
2018-01-14 00:00:00,1,9654,9612,42
2018-01-14 01:00:00,1,9976,9882,94
2018-01-14 02:00:00,1,8664,8532,132
2018-01-14 03:00:00,1,9624,9612,12
2018-01-14 04:00:00,1,9396,9342,54
2018-01-14 05:00:00,1,9744,9720,24
2018-01-14 06:00:00,1,10404,10260,144
2018-01-14 07:00:00,1,9883,9828,55
2018-01-14 07:00:00,2,670,108,562
2018-01-14 08:00:00,1,9369,9342,27
2018-01-14 08:00:00,2,9147,9018,129
2018-01-14 09:00:00,1,8251,8208,43
2018-01-14 09:00:00,2,6824,6858,-34
2018-01-14 10:00:00,1,8191,8100,91
2018-01-14 10:00:00,2,10019,9936,83
2018-01-14 11:00:00,1,4508,4950,-442
2018-01-14 11:00:00,2,10319,10314,5
2018-01-14 12:00:00,1,2218,1620,598
2018-01-14 12:00:00,2,9756,9558,198
2018-01-14 13:00:00,1,9456,9342,114
2018-01-14 13:00:00,2,9614,9558,56
2018-01-14 14:00:00,1,9551,9396,155
2018-01-14 14:00:00,2,10644,10584,60
2018-01-14 15:00:00,1,10496,10368,128
2018-01-14 15:00:00,2,9047,8964,83
2018-01-14 16:00:00,1,9776,9666,110
2018-01-14 16:00:00,2,9206,9234,-28
2018-01-14 17:00:00,1,9542,9558,-16
2018-01-14 17:00:00,2,9023,8856,167
2018-01-14 18:00:00,1,10203,10044,159
2018-01-14 18:00:00,2,8675,8586,89
2018-01-14 19:00:00,1,10394,10368,26
2018-01-14 19:00:00,2,9244,9180,64
2018-01-14 20:00:00,1,9546,9504,42
2018-01-14 20:00:00,2,7708,7776,-68
2018-01-14 21:00:00,1,9223,8946,277
2018-01-14 21:00:00,2,8162,7938,224
2018-01-14 22:00:00,1,9325,9558,-233
2018-01-14 22:00:00,2,8909,8910,-1
2018-01-14 23:00:00,1,2330,1926,404
2018-01-14 23:00:00,2,9780,9558,222
2018-01-15 00:00:00,1,9244,9180,64
2018-01-15 00:00:00,2,5554,5562,-8
2018-01-15 01:00:00,1,9628,9774,-146
2018-01-15 01:00:00,2,1711,1512,199
2018-01-15 02:00:00,1,5719,5562,157
2018-01-15 02:00:00,2,8952,8856,96
2018-01-15 03:00:00,1,9380,9234,146
2018-01-15 03:00:00,2,9971,9936,35
2018-01-15 04:00:00,1,9087,9018,69
2018-01-15 04:00:00,2,9332,9234,98
2018-01-15 05:00:00,1,9123,9126,-3
2018-01-15 05:00:00,2,9052,9018,34
2018-01-15 06:00:00,1,9440,9396,44
2018-01-15 06:00:00,2,10172,10098,74
2018-01-15 07:00:00,1,9595,9450,145
2018-01-15 07:00:00,2,10108,10044,64
2018-01-15 08:00:00,1,9953,9882,71
2018-01-15 08:00:00,2,2154,2718,-564
2018-01-15 09:00:00,1,9227,9234,-7
2018-01-15 09:00:00,2,5874,5238,636
2018-01-15 10:00:00,1,10164,10044,120
2018-01-15 10:00:00,2,10220,10260,-40
2018-01-15 11:00:00,1,10351,10260,91
2018-01-15 11:00:00,2,9560,9450,110
2018-01-15 12:00:00,1,9408,9450,-42
2018-01-15 12:00:00,2,10016,10044,-28
2018-01-15 13:00:00,1,10648,10530,118
2018-01-15 13:00:00,2,9932,9828,104
2018-01-15 14:00:00,1,10347,10314,33
2018-01-15 14:00:00,2,9601,9612,-11
2018-01-15 15:00:00,1,10884,10800,84
2018-01-15 15:00:00,2,9476,9342,134
2018-01-15 16:00:00,1,9900,9882,18
2018-01-15 16:00:00,2,9580,9612,-32
2018-01-15 17:00:00,1,10164,10098,66
2018-01-15 17:00:00,2,8656,8478,178
2018-01-15 18:00:00,1,9392,9342,50
2018-01-15 18:00:00,2,9171,9126,45
2018-01-15 19:00:00,1,9192,9180,12
2018-01-15 19:00:00,2,8648,8694,-46
2018-01-15 20:00:00,1,3583,3564,19
2018-01-15 20:00:00,2,3364,3294,70
2018-01-15 21:00:00,1,4523,4482,41
2018-01-15 21:00:00,2,4376,4482,-106
2018-01-15 22:00:00,1,6076,6048,28
2018-01-15 22:00:00,2,4708,4536,172
2018-01-15 23:00:00,1,7572,7506,66
2018-01-15 23:00:00,2,4704,4644,60
2018-01-16 00:00:00,1,9083,9072,11
2018-01-16 00:00:00,2,8328,8262,66
2018-01-16 01:00:00,1,9027,9072,-45
2018-01-16 01:00:00,2,10444,10368,76
2018-01-16 02:00:00,1,8856,8748,108
2018-01-16 02:00:00,2,10056,9990,66
2018-01-16 03:00:00,1,8484,8424,60
2018-01-16 03:00:00,2,10168,10098,70
2018-01-16 04:00:00,1,9487,9558,-71
2018-01-16 04:00:00,2,9860,9828,32
2018-01-16 05:00:00,1,8015,7830,185
2018-01-16 05:00:00,2,9301,9180,121
2018-01-16 06:00:00,1,8657,8640,17
2018-01-16 06:00:00,2,9587,9558,29
2018-01-16 07:00:00,1,8723,8694,29
2018-01-16 07:00:00,2,8512,8532,-20
2018-01-16 08:00:00,1,9635,9558,77
2018-01-16 08:00:00,2,8158,7992,166
2018-01-16 09:00:00,1,2480,2430,50
2018-01-16 09:00:00,2,7026,6912,114
2018-01-16 10:00:00,1,10507,10476,31
2018-01-16 10:00:00,2,8740,8856,-116
2018-01-16 11:00:00,1,9916,9882,34
2018-01-16 11:00:00,2,8190,7992,198
2018-01-16 12:00:00,1,2691,3168,-477
2018-01-16 12:00:00,2,7007,6858,149
2018-01-16 13:00:00,1,1690,1080,610
2018-01-16 13:00:00,2,6495,6480,15
2018-01-16 14:00:00,1,5680,5454,226
2018-01-16 14:00:00,2,10008,9882,126
2018-01-16 15:00:00,1,4664,4482,182
2018-01-16 15:00:00,2,8948,9072,-124
2018-01-16 16:00:00,1,1670,2196,-526
2018-01-16 16:00:00,2,9420,9180,240
2018-01-16 17:00:00,1,2350,1782,568
2018-01-16 17:00:00,2,9323,9288,35
2018-01-16 18:00:00,1,3940,3996,-56
2018-01-16 18:00:00,2,7853,7884,-31
2018-01-16 19:00:00,1,9194,9072,122
2018-01-16 19:00:00,2,5850,6210,-360
2018-01-16 20:00:00,1,4078,3942,136
2018-01-16 20:00:00,2,1182,594,588
2018-01-16 21:00:00,1,9472,9396,76
2018-01-16 21:00:00,2,8864,8802,62
2018-01-16 22:00:00,1,8605,8532,73
2018-01-16 22:00:00,2,8424,8424,0
2018-01-16 23:00:00,1,7039,7236,-197
2018-01-16 23:00:00,2,7684,7614,70
2018-01-17 00:00:00,1,7809,7506,303
2018-01-17 00:00:00,2,9664,9612,52
2018-01-17 01:00:00,1,7554,7560,-6
2018-01-17 01:00:00,2,10522,10368,154
2018-01-17 02:00:00,1,7187,7074,113
2018-01-17 02:00:00,2,9439,9396,43
2018-01-17 03:00:00,2,20,54,-34
2018-01-17 07:00:00,1,5012,5022,-10
2018-01-17 07:00:00,2,5576,5508,68
2018-01-17 08:00:00,1,9192,9126,66
2018-01-17 08:00:00,2,10024,9936,88
2018-01-17 09:00:00,1,9392,9288,104
2018-01-17 09:00:00,2,10532,10476,56
2018-01-17 10:00:00,1,9258,9180,78
2018-01-17 10:00:00,2,10316,10368,-52
2018-01-17 11:00:00,1,9454,9450,4
2018-01-17 11:00:00,2,9864,9666,198
2018-01-17 12:00:00,1,8510,8532,-22
2018-01-17 12:00:00,2,10596,10584,12
2018-01-17 13:00:00,1,9832,9720,112
2018-01-17 13:00:00,2,10240,10098,142
2018-01-17 14:00:00,1,8339,8208,131
2018-01-17 14:00:00,2,10511,10368,143
2018-01-17 15:00:00,1,7788,7938,-150
2018-01-17 15:00:00,2,7891,7938,-47
2018-01-17 16:00:00,1,8330,8154,176
2018-01-17 16:00:00,2,8845,8586,259
2018-01-17 17:00:00,1,9683,9558,125
2018-01-17 17:00:00,2,10128,9990,138
2018-01-17 18:00:00,1,10022,9936,86
2018-01-17 18:00:00,2,10316,10206,110
2018-01-17 19:00:00,1,8372,8316,56
2018-01-17 19:00:00,2,9964,9882,82
2018-01-17 20:00:00,1,8631,8532,99
2018-01-17 20:00:00,2,6028,5886,142
2018-01-17 21:00:00,1,9556,9720,-164
2018-01-17 21:00:00,2,10300,10206,94
2018-01-17 22:00:00,1,9708,9450,258
2018-01-17 22:00:00,2,6136,6156,-20
2018-01-17 23:00:00,1,1280,1134,146
2018-01-17 23:00:00,2,308,108,200
2018-01-18 00:00:00,1,924,1080,-156
2018-01-18 00:00:00,2,540,648,-108
2018-01-18 01:00:00,1,8939,9018,-79
2018-01-18 01:00:00,2,9819,9828,-9
2018-01-18 02:00:00,1,6544,6372,172
2018-01-18 02:00:00,2,8204,8154,50
2018-01-18 03:00:00,1,8520,8478,42
2018-01-18 03:00:00,2,8697,8640,57
2018-01-18 04:00:00,1,4807,4752,55
2018-01-18 04:00:00,2,1136,1188,-52
2018-01-18 05:00:00,1,9188,9180,8
2018-01-18 05:00:00,2,9616,9342,274
2018-01-18 06:00:00,1,7111,7020,91
2018-01-18 06:00:00,2,6364,6210,154
2018-01-18 07:00:00,1,9071,8910,161
2018-01-18 08:00:00,1,9560,9450,110
2018-01-18 09:00:00,1,9171,9018,153
2018-01-18 10:00:00,1,4164,4608,-444
2018-01-18 11:00:00,1,142,0,142
2018-01-18 14:00:00,1,1826,1242,584
2018-01-18 15:00:00,1,8543,8262,281
2018-01-18 15:00:00,2,6416,6480,-64
2018-01-18 16:00:00,1,8831,8802,29
2018-01-18 16:00:00,2,10136,9936,200
2018-01-18 17:00:00,1,9962,9774,188
2018-01-18 17:00:00,2,10292,10206,86
2018-01-18 18:00:00,1,9216,9180,36
2018-01-18 18:00:00,2,6736,6696,40
2018-01-18 19:00:00,1,9727,9558,169
2018-01-18 19:00:00,2,9384,9288,96
2018-01-18 20:00:00,1,8586,8532,54
2018-01-18 20:00:00,2,10199,10098,101
2018-01-18 21:00:00,1,9582,9450,132
2018-01-18 21:00:00,2,10308,10152,156
2018-01-18 22:00:00,1,9289,9072,217
2018-01-18 22:00:00,2,9876,9828,48
2018-01-18 23:00:00,1,8726,8856,-130
2018-01-18 23:00:00,2,10022,9936,86
2018-01-19 00:00:00,1,9471,9234,237
2018-01-19 00:00:00,2,9992,9936,56
2018-01-19 01:00:00,1,10387,10260,127
2018-01-19 01:00:00,2,8444,8316,128
2018-01-19 02:00:00,1,6396,6858,-462
2018-01-19 02:00:00,2,8088,7992,96
2018-01-19 03:00:00,1,5239,4644,595
2018-01-19 03:00:00,2,10368,10314,54
2018-01-19 04:00:00,1,9450,9288,162
2018-01-19 04:00:00,2,10508,10422,86
2018-01-19 05:00:00,1,9243,9180,63
2018-01-19 05:00:00,2,10248,10152,96
2018-01-19 06:00:00,1,7880,7938,-58
2018-01-19 06:00:00,2,7382,7884,-502
2018-01-19 07:00:00,1,7138,7074,64
2018-01-19 07:00:00,2,1930,1350,580
2018-01-19 08:00:00,1,6718,6426,292
2018-01-19 08:00:00,2,9975,9882,93
2018-01-19 09:00:00,1,8819,8856,-37
2018-01-19 09:00:00,2,10365,10314,51
2018-01-19 10:00:00,1,10480,10314,166
2018-01-19 10:00:00,2,10209,10098,111
2018-01-19 11:00:00,1,10044,9936,108
2018-01-19 11:00:00,2,8660,8586,74
2018-01-19 12:00:00,1,7707,7614,93
2018-01-19 12:00:00,2,10122,10098,24
2018-01-19 13:00:00,1,6419,6318,101
2018-01-19 13:00:00,2,10378,10314,64
2018-01-19 14:00:00,1,7240,7128,112
2018-01-19 14:00:00,2,9128,9072,56
2018-01-19 15:00:00,1,9806,9774,32
2018-01-19 15:00:00,2,10535,10422,113
2018-01-19 16:00:00,1,8260,8154,106
2018-01-19 16:00:00,2,10052,9936,116
2018-01-19 17:00:00,1,8636,8694,-58
2018-01-19 17:00:00,2,9808,9720,88
2018-01-19 18:00:00,1,8108,7938,170
2018-01-19 18:00:00,2,8923,8910,13
2018-01-19 19:00:00,1,8059,8046,13
2018-01-19 19:00:00,2,8491,8370,121
2018-01-19 20:00:00,1,10016,9828,188
2018-01-19 20:00:00,2,7575,7506,69
2018-01-19 21:00:00,1,1286,1350,-64
2018-01-19 21:00:00,2,2592,2538,54
2018-01-19 22:00:00,1,6667,6750,-83
2018-01-19 22:00:00,2,7886,7830,56
2018-01-19 23:00:00,2,10068,10044,24
2018-01-20 00:00:00,2,10452,10476,-24
2018-01-20 01:00:00,2,10748,10584,164
2018-01-20 02:00:00,2,2006,2376,-370
2018-01-20 03:00:00,2,10319,9828,491
2018-01-20 04:00:00,2,7052,7050,2
2018-01-20 05:00:00,2,9972,9936,36
2018-01-20 06:00:00,1,680,486,194
2018-01-20 06:00:00,2,10088,10044,44
2018-01-20 07:00:00,1,6944,6912,32
2018-01-20 07:00:00,2,7845,7776,69
2018-01-20 08:00:00,1,8992,8910,82
2018-01-20 08:00:00,2,9605,9558,47
2018-01-20 09:00:00,1,9608,9612,-4
2018-01-20 09:00:00,2,10300,10368,-68
2018-01-20 10:00:00,1,9348,9234,114
2018-01-20 10:00:00,2,9422,9288,134
2018-01-20 11:00:00,1,7512,7398,114
2018-01-20 11:00:00,2,10410,10368,42
2018-01-20 12:00:00,1,8806,8694,112
2018-01-20 12:00:00,2,9372,9234,138
2018-01-20 13:00:00,1,8579,8532,47
2018-01-20 13:00:00,2,9412,9288,124
2018-01-20 14:00:00,1,7367,7848,-481
2018-01-20 14:00:00,2,10296,10368,-72
2018-01-20 15:00:00,2,10368,10260,108
2018-01-20 16:00:00,2,10556,10422,134
2018-01-20 17:00:00,2,9900,9990,-90
2018-01-20 18:00:00,2,9476,9396,80
2018-01-20 19:00:00,2,10675,10530,145
2018-01-20 20:00:00,2,9768,9774,-6
2018-01-20 21:00:00,2,9430,9396,34
2018-01-20 22:00:00,2,10695,10638,57
2018-01-20 23:00:00,2,10416,10314,102
2018-01-21 00:00:00,2,3281,3294,-13
2018-01-21 01:00:00,2,9592,9504,88
2018-01-21 02:00:00,2,10455,10368,87
2018-01-21 03:00:00,2,9286,9180,106
2018-01-21 04:00:00,2,9448,9396,52
2018-01-21 05:00:00,2,10152,10152,0
2018-01-21 06:00:00,1,1958,1296,662
2018-01-21 06:00:00,2,10480,10368,112
2018-01-21 07:00:00,1,4321,4320,1
2018-01-21 07:00:00,2,9224,9126,98
2018-01-21 08:00:00,1,8972,8910,62
2018-01-21 08:00:00,2,10092,10098,-6
2018-01-21 09:00:00,1,8658,8586,72
2018-01-21 09:00:00,2,9396,9396,0
2018-01-21 10:00:00,1,9301,9234,67
2018-01-21 10:00:00,2,10132,9990,142
2018-01-21 11:00:00,1,8820,8748,72
2018-01-21 11:00:00,2,10488,10368,120
2018-01-21 12:00:00,1,7308,7236,72
2018-01-21 12:00:00,2,9784,9666,118
2018-01-21 13:00:00,1,8336,8262,74
2018-01-21 13:00:00,2,10298,10260,38
2018-01-21 14:00:00,1,3058,3564,-506
2018-01-21 14:00:00,2,8759,8802,-43
2018-01-21 15:00:00,1,710,108,602
2018-01-21 15:00:00,2,8452,8262,190
2018-01-21 16:00:00,1,7903,7884,19
2018-01-21 16:00:00,2,7392,7398,-6
2018-01-21 17:00:00,1,9696,9828,-132
2018-01-21 17:00:00,2,9185,9126,59
2018-01-21 18:00:00,1,10460,10206,254
2018-01-21 18:00:00,2,1458,1908,-450
2018-01-21 19:00:00,1,8981,8910,71
2018-01-21 19:00:00,2,6432,5832,600
2018-01-21 20:00:00,1,9579,9558,21
2018-01-21 20:00:00,2,10283,10260,23
2018-01-21 21:00:00,1,7802,7776,26
2018-01-21 21:00:00,2,9664,9612,52
2018-01-21 22:00:00,1,8940,8802,138
2018-01-21 22:00:00,2,8963,8856,107
2018-01-21 23:00:00,1,9735,9720,15
2018-01-21 23:00:00,2,9052,9018,34
2018-01-22 00:00:00,1,9687,9666,21
2018-01-22 00:00:00,2,10600,10530,70
2018-01-22 01:00:00,1,10080,9936,144
2018-01-22 01:00:00,2,10860,10746,114
2018-01-22 02:00:00,1,9850,9774,76
2018-01-22 02:00:00,2,10848,10800,48
2018-01-22 03:00:00,1,10860,10854,6
2018-01-22 03:00:00,2,9832,9882,-50
2018-01-22 04:00:00,1,10387,10314,73
2018-01-22 04:00:00,2,10040,9990,50
2018-01-22 05:00:00,1,9472,9450,22
2018-01-22 05:00:00,2,10064,9936,128
2018-01-22 06:00:00,1,7541,7506,35
2018-01-22 06:00:00,2,8227,8154,73
2018-01-22 07:00:00,1,8884,8802,82
2018-01-22 07:00:00,2,8786,8802,-16
2018-01-22 08:00:00,1,10339,10260,79
2018-01-22 08:00:00,2,9580,9450,130
2018-01-22 09:00:00,1,6091,6048,43
2018-01-22 09:00:00,2,9702,9612,90
2018-01-22 10:00:00,1,8579,8640,-61
2018-01-22 10:00:00,2,9860,9828,32
2018-01-22 11:00:00,1,9106,8964,142
2018-01-22 11:00:00,2,9324,9288,36
2018-01-22 12:00:00,1,3313,3294,19
2018-01-22 12:00:00,2,9576,9504,72
2018-01-22 13:00:00,1,8931,8856,75
2018-01-22 13:00:00,2,8844,8748,96
2018-01-22 14:00:00,1,9140,9072,68
2018-01-22 14:00:00,2,9908,9990,-82
2018-01-22 15:00:00,1,9892,9774,118
2018-01-22 15:00:00,2,7114,6966,148
2018-01-22 16:00:00,1,6486,7038,-552
2018-01-22 16:00:00,2,8822,8802,20
2018-01-22 17:00:00,1,106,0,106
2018-01-22 17:00:00,2,8768,8748,20
2018-01-22 18:00:00,1,9440,9072,368
2018-01-22 18:00:00,2,8831,8748,83
2018-01-22 19:00:00,1,10560,10368,192
2018-01-22 19:00:00,2,2582,3060,-478
2018-01-22 20:00:00,1,10412,10368,44
2018-01-22 21:00:00,1,9668,9666,2
2018-01-22 21:00:00,2,1140,864,276
2018-01-22 22:00:00,1,6852,6804,48
2018-01-22 22:00:00,2,8696,8748,-52
2018-01-22 23:00:00,1,10580,10530,50
2018-01-22 23:00:00,2,10779,10692,87
2018-01-23 00:00:00,1,1900,1890,10
2018-01-23 00:00:00,2,4012,3888,124
2018-01-23 01:00:00,1,5024,4860,164
2018-01-23 01:00:00,2,6636,6696,-60
2018-01-23 02:00:00,1,8816,8910,-94
2018-01-23 02:00:00,2,9464,9342,122
2018-01-23 03:00:00,1,9524,9504,20
2018-01-23 03:00:00,2,8892,8910,-18
2018-01-23 04:00:00,1,10164,9990,174
2018-01-23 04:00:00,2,7812,7668,144
2018-01-23 05:00:00,1,9176,9180,-4
2018-01-23 05:00:00,2,7876,7884,-8
2018-01-23 06:00:00,1,9180,9180,0
2018-01-23 06:00:00,2,10054,9936,118
2018-01-23 07:00:00,1,1100,1296,-196
2018-01-23 07:00:00,2,9437,9342,95
2018-01-23 08:00:00,2,8240,8262,-22
2018-01-23 09:00:00,2,4556,4590,-34
2018-01-23 10:00:00,1,108,0,108
2018-01-23 10:00:00,2,4942,4752,190
2018-01-23 11:00:00,2,1388,1404,-16
2018-01-23 12:00:00,1,16,0,16
2018-01-23 12:00:00,2,8943,8856,87
2018-01-23 13:00:00,1,584,702,-118
2018-01-23 13:00:00,2,9461,9342,119
2018-01-23 14:00:00,1,8,0,8
2018-01-23 14:00:00,2,10032,9990,42
2018-01-23 15:00:00,1,32,0,32
2018-01-23 15:00:00,2,9892,9828,64
2018-01-23 16:00:00,1,12,0,12
2018-01-23 16:00:00,2,8952,8856,96
2018-01-23 17:00:00,1,36,0,36
2018-01-23 17:00:00,2,7992,7938,54
2018-01-23 18:00:00,1,248,216,32
2018-01-23 18:00:00,2,6556,6534,22
2018-01-23 19:00:00,1,260,216,44
2018-01-23 19:00:00,2,8979,8964,15
2018-01-23 20:00:00,1,6232,5994,238
2018-01-23 20:00:00,2,9684,9558,126
2018-01-23 21:00:00,1,8360,8424,-64
2018-01-23 21:00:00,2,9279,9234,45
2018-01-23 22:00:00,1,8090,8100,-10
2018-01-23 22:00:00,2,10043,10044,-1
2018-01-23 23:00:00,1,8695,8586,109
2018-01-23 23:00:00,2,9440,9342,98
2018-01-24 00:00:00,1,8051,7884,167
2018-01-24 00:00:00,2,10232,10152,80
2018-01-24 01:00:00,1,9432,9396,36
2018-01-24 01:00:00,2,9676,9612,64
2018-01-24 02:00:00,1,10516,10476,40
2018-01-24 02:00:00,2,8852,8748,104
2018-01-24 03:00:00,1,9152,9072,80
2018-01-24 03:00:00,2,6646,7218,-572
2018-01-24 04:00:00,1,10046,9990,56
2018-01-24 04:00:00,2,715,270,445
2018-01-24 05:00:00,1,9668,9612,56
2018-01-24 05:00:00,2,8892,8694,198
2018-01-24 06:00:00,1,9928,9828,100
2018-01-24 06:00:00,2,10580,10530,50
2018-01-24 07:00:00,1,9004,8964,40
2018-01-24 07:00:00,2,10180,10098,82
2018-01-24 08:00:00,1,3243,3132,111
2018-01-24 08:00:00,2,10336,10314,22
2018-01-24 09:00:00,1,9744,9666,78
2018-01-24 09:00:00,2,8964,8910,54
2018-01-24 10:00:00,1,8756,8802,-46
2018-01-24 10:00:00,2,4759,4752,7
2018-01-24 11:00:00,1,8948,8748,200
2018-01-24 11:00:00,2,80,0,80
2018-01-24 12:00:00,1,6956,6912,44
2018-01-24 12:00:00,2,3664,3402,262
2018-01-24 13:00:00,1,7669,8136,-467
2018-01-24 13:00:00,2,3063,3078,-15
2018-01-24 14:00:00,1,2471,1944,527
2018-01-24 14:00:00,2,6132,5994,138
2018-01-24 15:00:00,1,9341,9072,269
2018-01-24 15:00:00,2,10279,10152,127
2018-01-24 16:00:00,1,8356,8370,-14
2018-01-24 16:00:00,2,10147,9936,211
2018-01-24 17:00:00,1,10216,9990,226
2018-01-24 17:00:00,2,9083,9126,-43
2018-01-24 18:00:00,1,8281,8640,-359
2018-01-24 18:00:00,2,10367,10206,161
2018-01-24 19:00:00,1,0,18,-18
2018-01-24 19:00:00,2,4834,4914,-80
2018-01-24 20:00:00,1,6142,5906,236
2018-01-24 20:00:00,2,701,378,323
2018-01-24 21:00:00,1,9808,10302,-494
2018-01-24 21:00:00,2,172,162,10
2018-01-24 22:00:00,1,9672,10082,-410
2018-01-24 22:00:00,2,184,108,76
2018-01-24 23:00:00,1,9744,10176,-432
2018-01-24 23:00:00,2,112,108,4
2018-01-25 00:00:00,1,9754,10302,-548
2018-01-25 00:00:00,2,5255,5184,71
2018-01-25 01:00:00,1,9568,10046,-478
2018-01-25 01:00:00,2,9568,9396,172
2018-01-25 02:00:00,1,10076,10576,-500
2018-01-25 02:00:00,2,8984,8856,128
2018-01-25 03:00:00,1,6867,7446,-579
2018-01-25 03:00:00,2,9724,9612,112
2018-01-25 04:00:00,1,8736,8963,-227
2018-01-25 04:00:00,2,9652,9612,40
2018-01-25 05:00:00,1,9648,9921,-273
2018-01-25 05:00:00,2,9908,9774,134
2018-01-25 06:00:00,1,9360,10022,-662
2018-01-25 06:00:00,2,9016,8964,52
2018-01-25 07:00:00,1,7199,7762,-563
2018-01-25 07:00:00,2,5648,5562,86
2018-01-25 08:00:00,1,9317,9920,-603
2018-01-25 08:00:00,2,8940,8964,-24
2018-01-25 09:00:00,1,8794,9614,-820
2018-01-25 09:00:00,2,2800,2646,154
2018-01-25 10:00:00,1,9814,10516,-702
2018-01-25 10:00:00,2,5732,5724,8
2018-01-25 11:00:00,1,9824,10382,-558
2018-01-25 11:00:00,2,9040,8856,184
2018-01-25 12:00:00,1,7892,8700,-808
2018-01-25 12:00:00,2,9728,9666,62
2018-01-25 13:00:00,1,8032,8646,-614
2018-01-25 13:00:00,2,3536,3510,26
2018-01-25 14:00:00,1,7512,8274,-762
2018-01-25 14:00:00,2,6722,6696,26
2018-01-25 15:00:00,1,10124,10788,-664
2018-01-25 15:00:00,2,5078,5526,-448
2018-01-25 16:00:00,1,8939,9880,-941
2018-01-25 16:00:00,2,5422,4806,616
2018-01-25 17:00:00,1,8098,8856,-758
2018-01-25 17:00:00,2,9840,9666,174
2018-01-25 18:00:00,1,9920,10518,-598
2018-01-25 18:00:00,2,9916,9882,34
2018-01-25 19:00:00,1,9292,9998,-706
2018-01-25 19:00:00,2,8100,7884,216
2018-01-25 20:00:00,1,9888,10394,-506
2018-01-25 20:00:00,2,9380,9288,92
2018-01-25 21:00:00,1,9786,10344,-558
2018-01-25 21:00:00,2,9912,9774,138
2018-01-25 22:00:00,1,9051,9660,-609
2018-01-25 22:00:00,2,6020,5994,26
2018-01-25 23:00:00,1,10066,10546,-480
2018-01-25 23:00:00,2,7874,8262,-388
2018-01-26 00:00:00,1,8236,8718,-482
2018-01-26 00:00:00,2,0,36,-36
2018-01-26 01:00:00,1,9388,10022,-634
2018-01-26 01:00:00,2,6058,5530,528
2018-01-26 02:00:00,1,7907,8538,-631
2018-01-26 02:00:00,2,8088,7912,176
2018-01-26 03:00:00,1,1708,1938,-230
2018-01-26 03:00:00,2,9212,9180,32
2018-01-26 04:00:00,2,9016,8911,105
2018-01-26 05:00:00,2,9360,9342,18
2018-01-26 06:00:00,2,8132,7993,139
2018-01-26 07:00:00,1,6416,6591,-175
2018-01-26 07:00:00,2,8711,8587,124
2018-01-26 08:00:00,1,8416,8562,-146
2018-01-26 08:00:00,2,8872,8802,70
2018-01-26 09:00:00,1,8132,8162,-30
2018-01-26 09:00:00,2,2964,3529,-565
2018-01-26 10:00:00,1,9032,9110,-78
2018-01-26 10:00:00,2,9278,8640,638
2018-01-26 11:00:00,1,7368,7539,-171
2018-01-26 11:00:00,2,10656,10638,18
2018-01-26 12:00:00,1,9391,9432,-41
2018-01-26 12:00:00,2,7920,7884,36
2018-01-26 13:00:00,1,8808,8914,-106
2018-01-26 13:00:00,2,5292,5238,54
2018-01-26 14:00:00,1,9604,9740,-136
2018-01-26 14:00:00,2,9848,9720,128
2018-01-26 15:00:00,1,9275,9395,-120
2018-01-26 15:00:00,2,9452,9504,-52
2018-01-26 16:00:00,1,10444,10479,-35
2018-01-26 16:00:00,2,9294,9180,114
2018-01-26 17:00:00,1,9332,9464,-132
2018-01-26 17:00:00,2,10275,10152,123
2018-01-26 18:00:00,1,9172,9199,-27
2018-01-26 18:00:00,2,9820,9720,100
2018-01-26 19:00:00,1,9547,9600,-53
2018-01-26 19:00:00,2,9940,9882,58
2018-01-26 20:00:00,1,8960,9095,-135
2018-01-26 20:00:00,2,9824,9666,158
2018-01-26 21:00:00,1,9628,9665,-37
2018-01-26 21:00:00,2,1992,1998,-6
2018-01-26 22:00:00,1,9836,9980,-144
2018-01-26 23:00:00,1,9344,9412,-68
2018-01-27 00:00:00,1,8196,8335,-139
2018-01-27 01:00:00,1,7788,7895,-107
2018-01-27 02:00:00,1,5609,5796,-187
2018-01-27 03:00:00,1,5980,6091,-111
2018-01-27 04:00:00,1,7291,7450,-159
2018-01-27 05:00:00,1,8075,8315,-240
2018-01-27 06:00:00,1,9196,9165,31
2018-01-27 07:00:00,1,9896,9960,-64
2018-01-27 07:00:00,2,3944,3972,-28
2018-01-27 08:00:00,1,9424,9494,-70
2018-01-27 08:00:00,2,9120,8964,156
2018-01-27 09:00:00,1,9984,10125,-141
2018-01-27 09:00:00,2,8720,8640,80
2018-01-27 10:00:00,1,7572,7632,-60
2018-01-27 10:00:00,2,9260,9180,80
2018-01-27 11:00:00,1,468,584,-116
2018-01-27 11:00:00,2,9760,9774,-14
2018-01-27 12:00:00,1,7415,7652,-237
2018-01-27 12:00:00,2,8548,8424,124
2018-01-27 13:00:00,1,8632,8589,43
2018-01-27 13:00:00,2,8819,8748,71
2018-01-27 14:00:00,1,6876,6707,169
2018-01-27 14:00:00,2,3222,3492,-270
2018-01-27 22:00:00,1,1824,1572,252
2018-01-27 23:00:00,1,8908,8875,33
2018-01-28 00:00:00,1,8204,8233,-29
2018-01-28 01:00:00,1,9108,9138,-30
2018-01-28 02:00:00,1,2628,2979,-351
2018-01-28 03:00:00,1,7971,7668,303
2018-01-28 04:00:00,1,8884,8802,82
2018-01-28 05:00:00,1,9563,9504,59
2018-01-28 06:00:00,1,8349,8190,159
2018-01-28 07:00:00,1,9872,9882,-10
2018-01-28 07:00:00,2,3334,2700,634
2018-01-28 08:00:00,1,10092,10044,48
2018-01-28 08:00:00,2,7064,7020,44
2018-01-28 09:00:00,1,10036,9990,46
2018-01-28 09:00:00,2,8716,8586,130
2018-01-28 10:00:00,1,9896,10044,-148
2018-01-28 10:00:00,2,7791,7776,15
2018-01-28 11:00:00,1,10388,10098,290
2018-01-28 11:00:00,2,8916,8856,60
2018-01-28 12:00:00,1,10072,9990,82
2018-01-28 12:00:00,2,8844,8802,42
2018-01-28 13:00:00,1,8936,9126,-190
2018-01-28 13:00:00,2,9784,9720,64
2018-01-28 14:00:00,1,8928,8640,288
2018-01-28 14:00:00,2,8752,8748,4
2018-01-28 15:00:00,1,7226,7398,-172
2018-01-28 15:00:00,2,6840,7020,-180
2018-01-28 16:00:00,1,1807,1620,187
2018-01-28 16:00:00,2,9516,9234,282
2018-01-28 17:00:00,1,9560,9504,56
2018-01-28 17:00:00,2,10440,10368,72
2018-01-28 18:00:00,1,9180,9180,0
2018-01-28 18:00:00,2,10412,10368,44
2018-01-28 19:00:00,1,9068,8910,158
2018-01-28 19:00:00,2,10147,10044,103
2018-01-28 20:00:00,1,9460,9396,64
2018-01-28 20:00:00,2,10008,9990,18
2018-01-28 21:00:00,1,9771,9774,-3
2018-01-28 21:00:00,2,10128,10152,-24
2018-01-28 22:00:00,1,9668,9612,56
2018-01-28 22:00:00,2,10072,9990,82
2018-01-28 23:00:00,1,10099,10044,55
2018-01-28 23:00:00,2,8560,8424,136
2018-01-29 00:00:00,1,8656,8586,70
2018-01-29 00:00:00,2,8672,8694,-22
2018-01-29 01:00:00,1,7586,7506,80
2018-01-29 01:00:00,2,8452,8370,82
2018-01-29 02:00:00,1,8720,8694,26
2018-01-29 02:00:00,2,8607,8478,129
2018-01-29 03:00:00,1,9166,9126,40
2018-01-29 03:00:00,2,8360,8208,152
2018-01-29 04:00:00,1,9696,9666,30
2018-01-29 04:00:00,2,8507,8370,137
2018-01-29 05:00:00,1,9344,9234,110
2018-01-29 05:00:00,2,8221,8208,13
2018-01-29 06:00:00,1,7412,7398,14
2018-01-29 06:00:00,2,9284,9180,104
2018-01-29 07:00:00,1,2699,2538,161
2018-01-29 07:00:00,2,8456,8316,140
2018-01-29 08:00:00,1,8508,8478,30
2018-01-29 08:00:00,2,10380,10314,66
2018-01-29 09:00:00,1,5656,5670,-14
2018-01-29 09:00:00,2,10095,10098,-3
2018-01-29 10:00:00,1,8720,8586,134
2018-01-29 10:00:00,2,7972,7920,52
2018-01-29 11:00:00,1,5076,5022,54
2018-01-29 11:00:00,2,9148,9072,76
2018-01-29 12:00:00,1,4576,4590,-14
2018-01-29 12:00:00,2,7203,7236,-33
2018-01-29 13:00:00,1,5648,5400,248
2018-01-29 13:00:00,2,7980,7938,42
2018-01-29 14:00:00,1,9312,9288,24
2018-01-29 14:00:00,2,7789,8244,-455
2018-01-29 15:00:00,1,610,684,-74
2018-01-29 15:00:00,2,474,0,474
2018-01-29 16:00:00,1,8667,8478,189
2018-01-29 16:00:00,2,8556,8370,186
2018-01-29 17:00:00,1,7105,7074,31
2018-01-29 17:00:00,2,10228,10098,130
2018-01-29 18:00:00,1,9739,9612,127
2018-01-29 18:00:00,2,9328,9234,94
2018-01-29 19:00:00,1,7480,7398,82
2018-01-29 19:00:00,2,10400,10314,86
2018-01-29 20:00:00,1,6631,6480,151
2018-01-29 20:00:00,2,9992,9936,56
2018-01-29 21:00:00,1,9098,9018,80
2018-01-29 21:00:00,2,9704,9612,92
2018-01-29 22:00:00,1,8385,8316,69
2018-01-29 22:00:00,2,9902,9774,128
2018-01-29 23:00:00,1,9838,9774,64
2018-01-29 23:00:00,2,934,1494,-560
2018-01-30 00:00:00,1,7706,7668,38
2018-01-30 00:00:00,2,7778,7020,758
2018-01-30 01:00:00,1,9939,9720,219
2018-01-30 01:00:00,2,520,756,-236
2018-01-30 02:00:00,1,9795,9774,21
2018-01-30 03:00:00,1,7491,7398,93
2018-01-30 03:00:00,2,4531,4158,373
2018-01-30 04:00:00,1,8184,8046,138
2018-01-30 04:00:00,2,9258,8856,402
2018-01-30 05:00:00,1,9183,9126,57
2018-01-30 05:00:00,2,5758,5508,250
2018-01-30 06:00:00,1,5502,5238,264
2018-01-30 06:00:00,2,7746,7614,132
2018-01-30 07:00:00,2,9804,9504,300
2018-01-30 08:00:00,2,9584,9558,26
2018-01-30 09:00:00,2,8924,8856,68
2018-01-30 10:00:00,2,9984,9936,48
2018-01-30 11:00:00,2,8924,8856,68
2018-01-30 12:00:00,2,8559,8370,189
2018-01-30 13:00:00,2,10936,10908,28
2018-01-30 14:00:00,2,8775,8694,81
2018-01-30 15:00:00,1,6807,6696,111
2018-01-30 15:00:00,2,9912,9828,84
2018-01-30 16:00:00,1,8392,8316,76
2018-01-30 16:00:00,2,10204,10098,106
2018-01-30 17:00:00,1,3859,3726,133
2018-01-30 17:00:00,2,9744,9666,78
2018-01-30 18:00:00,1,8691,8478,213
2018-01-30 18:00:00,2,9532,9396,136
2018-01-30 19:00:00,1,9535,9504,31
2018-01-30 19:00:00,2,8440,8532,-92
2018-01-30 20:00:00,1,8680,8424,256
2018-01-30 20:00:00,2,2452,2160,292
2018-01-30 21:00:00,1,8252,8154,98
2018-01-30 21:00:00,2,9680,9612,68
2018-01-30 22:00:00,1,8783,8694,89
2018-01-30 22:00:00,2,9732,9666,66
2018-01-30 23:00:00,1,6763,6588,175
2018-01-30 23:00:00,2,6832,6624,208
2018-01-31 00:00:00,1,5951,5886,65
2018-01-31 00:00:00,2,9484,9450,34
2018-01-31 01:00:00,1,9260,9072,188
2018-01-31 01:00:00,2,7800,7668,132
2018-01-31 02:00:00,1,8848,8730,118
2018-01-31 02:00:00,2,8408,8316,92
2018-01-31 03:00:00,1,8871,8748,123
2018-01-31 03:00:00,2,136,216,-80
2018-01-31 04:00:00,1,9084,8964,120
2018-01-31 04:00:00,2,92,54,38
2018-01-31 05:00:00,1,8604,8370,234
2018-01-31 05:00:00,2,256,54,202
2018-01-31 06:00:00,1,7114,7020,94
2018-01-31 06:00:00,2,348,378,-30
2018-01-31 07:00:00,1,9119,9180,-61
2018-01-31 07:00:00,2,128,54,74
2018-01-31 08:00:00,1,3004,2700,304
2018-01-31 08:00:00,2,996,702,294
2018-01-31 09:00:00,1,9147,9072,75
2018-01-31 09:00:00,2,8156,7938,218
2018-01-31 10:00:00,1,1684,1620,64
2018-01-31 10:00:00,2,2391,2376,15
2018-01-31 11:00:00,1,7476,7398,78
2018-01-31 11:00:00,2,6496,6264,232
2018-01-31 12:00:00,1,5505,5922,-417
2018-01-31 12:00:00,2,9316,9180,136
2018-01-31 13:00:00,1,4969,4482,487
2018-01-31 13:00:00,2,7555,7398,157
2018-01-31 14:00:00,1,6980,6642,338
2018-01-31 14:00:00,2,9043,8856,187
2018-01-31 15:00:00,1,5216,5238,-22
2018-01-31 15:00:00,2,9220,9126,94
2018-01-31 16:00:00,1,8735,8640,95
2018-01-31 16:00:00,2,9292,9126,166
2018-01-31 17:00:00,1,9023,8838,185
2018-01-31 17:00:00,2,9344,9216,128
2018-01-31 18:00:00,1,8108,7992,116
2018-01-31 18:00:00,2,9864,9720,144
2018-01-31 19:00:00,1,8444,8460,-16
2018-01-31 19:00:00,2,9348,9234,114
2018-01-31 20:00:00,1,9247,9036,211
2018-01-31 20:00:00,2,8996,8856,140
2018-01-31 21:00:00,1,8847,8748,99
2018-01-31 21:00:00,2,9559,9504,55
2018-01-31 22:00:00,1,5594,5346,248
2018-01-31 22:00:00,2,9524,9396,128
2018-01-31 23:00:00,1,7272,7182,90
2018-01-31 23:00:00,2,8520,8532,-12
2018-02-01 00:00:00,1,6552,6426,126
2018-02-01 00:00:00,2,8954,8856,98
2018-02-01 01:00:00,1,8132,8046,86
2018-02-01 01:00:00,2,2010,1800,210
2018-02-01 02:00:00,1,5032,4860,172
2018-02-01 02:00:00,2,8588,8694,-106
2018-02-01 03:00:00,1,8008,7938,70
2018-02-01 03:00:00,2,8315,8316,-1
2018-02-01 04:00:00,1,9815,9720,95
2018-02-01 04:00:00,2,8356,8370,-14
2018-02-01 05:00:00,1,9688,9504,184
2018-02-01 05:00:00,2,8672,8478,194
2018-02-01 06:00:00,1,6671,6588,83
2018-02-01 06:00:00,2,9863,9720,143
2018-02-01 07:00:00,1,1108,1080,28
2018-02-01 07:00:00,2,8984,8910,74
2018-02-01 08:00:00,1,4164,3996,168
2018-02-01 08:00:00,2,8632,8532,100
2018-02-01 09:00:00,1,9584,9504,80
2018-02-01 09:00:00,2,9228,9234,-6
2018-02-01 10:00:00,1,5968,5778,190
2018-02-01 10:00:00,2,7508,7668,-160
2018-02-01 11:00:00,1,9308,9126,182
2018-02-01 11:00:00,2,92,54,38
2018-02-01 12:00:00,1,9308,9072,236
2018-02-01 12:00:00,2,8507,8208,299
2018-02-01 13:00:00,1,5545,5346,199
2018-02-01 13:00:00,2,8948,8964,-16
2018-02-01 14:00:00,1,8569,8424,145
2018-02-01 14:00:00,2,8315,8154,161
2018-02-01 15:00:00,1,8812,8802,10
2018-02-01 15:00:00,2,9615,9558,57
2018-02-01 16:00:00,1,5962,5832,130
2018-02-01 16:00:00,2,9064,9018,46
2018-02-01 17:00:00,1,7376,7020,356
2018-02-01 17:00:00,2,10300,10314,-14
2018-02-01 18:00:00,1,7716,7560,156
2018-02-01 18:00:00,2,8876,8802,74
2018-02-01 19:00:00,1,7125,7074,51
2018-02-01 19:00:00,2,8876,8748,128
2018-02-01 20:00:00,1,3388,3240,148
2018-02-01 20:00:00,2,9783,9666,117
2018-02-01 21:00:00,1,9554,9396,158
2018-02-01 21:00:00,2,10000,10206,-206
2018-02-01 22:00:00,1,7748,7776,-28
2018-02-01 22:00:00,2,2099,2052,47
2018-02-01 23:00:00,1,5420,5238,182
2018-02-02 00:00:00,1,9834,9720,114
2018-02-02 01:00:00,1,8392,8262,130
2018-02-02 02:00:00,1,8912,8694,218
2018-02-02 03:00:00,1,8240,8208,32
2018-02-02 04:00:00,1,6226,6048,178
2018-02-02 05:00:00,1,6944,7326,-382
2018-02-02 06:00:00,2,3943,3780,163
2018-02-02 07:00:00,1,156,0,156
2018-02-02 07:00:00,2,5756,5886,-130
2018-02-02 08:00:00,1,1711,1242,469
2018-02-02 08:00:00,2,1814,1620,194
2018-02-02 09:00:00,1,6076,6102,-26
2018-02-02 09:00:00,2,9811,9720,91
2018-02-02 10:00:00,2,9644,9558,86
2018-02-02 11:00:00,2,8644,8802,-158
2018-02-02 12:00:00,2,2474,2268,206
2018-02-02 13:00:00,1,576,432,144
2018-02-02 13:00:00,2,10316,10260,56
2018-02-02 14:00:00,1,8036,7884,152
2018-02-02 14:00:00,2,9836,9828,8
2018-02-02 15:00:00,1,8024,8046,-22
2018-02-02 15:00:00,2,8580,8370,210
2018-02-02 16:00:00,1,7700,7560,140
2018-02-02 16:00:00,2,7316,7236,80
2018-02-02 17:00:00,1,664,864,-200
2018-02-02 17:00:00,2,815,918,-103
2018-02-02 18:00:00,1,10252,9936,316
2018-02-02 18:00:00,2,6088,5994,94
2018-02-02 19:00:00,1,9572,9504,68
2018-02-02 19:00:00,2,9896,9774,122
2018-02-02 20:00:00,1,10428,10368,60
2018-02-02 20:00:00,2,9350,9504,-154
2018-02-02 21:00:00,1,9632,9558,74
2018-02-02 21:00:00,2,9379,9126,253
2018-02-02 22:00:00,1,9731,9774,-43
2018-02-02 22:00:00,2,9010,8910,100
2018-02-02 23:00:00,1,10216,9990,226
2018-02-02 23:00:00,2,9387,9342,45
2018-02-03 00:00:00,1,9547,9612,-65
2018-02-03 00:00:00,2,9608,9612,-4
2018-02-03 01:00:00,1,10224,10044,180
2018-02-03 01:00:00,2,10532,10422,110
2018-02-03 02:00:00,1,8207,8208,-1
2018-02-03 02:00:00,2,8972,9018,-46
2018-02-03 03:00:00,1,9243,9126,117
2018-02-03 03:00:00,2,10212,9990,222
2018-02-03 04:00:00,1,7504,7506,-2
2018-02-03 04:00:00,2,9320,9126,194
2018-02-03 05:00:00,1,6536,6480,56
2018-02-03 05:00:00,2,10135,9990,145
2018-02-03 06:00:00,1,8708,8640,68
2018-02-03 06:00:00,2,9659,9558,101
2018-02-03 07:00:00,1,9720,9666,54
2018-02-03 07:00:00,2,2810,3330,-520
2018-02-03 08:00:00,1,8324,8208,116
2018-02-03 08:00:00,2,8162,7398,764
2018-02-03 09:00:00,1,10008,9990,18
2018-02-03 09:00:00,2,9559,9396,163
2018-02-03 10:00:00,1,7100,7074,26
2018-02-03 10:00:00,2,7436,7344,92
2018-02-03 11:00:00,1,9724,9612,112
2018-02-03 11:00:00,2,2606,3078,-472
2018-02-03 12:00:00,1,9844,9774,70
2018-02-03 12:00:00,2,6350,5724,626
2018-02-03 13:00:00,1,8772,8694,78
2018-02-03 13:00:00,2,9875,9774,101
2018-02-03 14:00:00,1,10011,9936,75
2018-02-03 14:00:00,2,9408,9288,120
2018-02-03 15:00:00,1,9159,9180,-21
2018-02-03 15:00:00,2,9812,9936,-124
2018-02-03 16:00:00,1,9896,9774,122
2018-02-03 16:00:00,2,9500,9288,212
2018-02-03 17:00:00,1,10056,9990,66
2018-02-03 17:00:00,2,6820,6750,70
2018-02-03 18:00:00,1,9168,9126,42
2018-02-03 18:00:00,2,9188,9126,62
2018-02-03 19:00:00,1,10628,10530,98
2018-02-03 19:00:00,2,10076,9936,140
2018-02-03 20:00:00,1,8756,8694,62
2018-02-03 20:00:00,2,7649,7560,89
2018-02-03 21:00:00,1,8252,8262,-10
2018-02-03 21:00:00,2,8676,8640,36
2018-02-03 22:00:00,1,4768,5256,-488
2018-02-03 22:00:00,2,10288,10152,136
2018-02-03 23:00:00,1,7516,3888,3628
2018-02-03 23:00:00,2,9832,9666,166
2018-02-04 00:00:00,1,10784,10638,146
2018-02-04 00:00:00,2,9476,9342,134
2018-02-04 01:00:00,1,9564,9558,6
2018-02-04 01:00:00,2,9931,9828,103
2018-02-04 02:00:00,1,9300,9072,228
2018-02-04 02:00:00,2,9268,9234,34
2018-02-04 03:00:00,1,9676,9558,118
2018-02-04 03:00:00,2,9748,9612,136
2018-02-04 04:00:00,1,10872,10854,18
2018-02-04 04:00:00,2,9261,9072,189
2018-02-04 05:00:00,1,6068,5922,146
2018-02-04 05:00:00,2,6094,5940,154
2018-02-04 06:00:00,1,10064,9990,74
2018-02-04 06:00:00,2,6866,6750,116
2018-02-04 07:00:00,1,9576,9504,72
2018-02-04 07:00:00,2,3765,3618,147
2018-02-04 08:00:00,1,9708,9666,42
2018-02-04 08:00:00,2,10524,10422,102
2018-02-04 09:00:00,1,8268,8208,60
2018-02-04 09:00:00,2,10192,9990,202
2018-02-04 10:00:00,1,4044,3996,48
2018-02-04 10:00:00,2,9460,9450,10
2018-02-04 11:00:00,1,10012,9936,76
2018-02-04 11:00:00,2,10500,10368,132
2018-02-04 12:00:00,1,10680,10638,42
2018-02-04 12:00:00,2,9872,9936,-64
2018-02-04 13:00:00,1,9752,9666,86
2018-02-04 13:00:00,2,8884,8694,190
2018-02-04 14:00:00,1,9304,9180,124
2018-02-04 14:00:00,2,8620,8532,88
2018-02-04 15:00:00,1,9818,9720,98
2018-02-04 15:00:00,2,5706,6210,-504
2018-02-04 16:00:00,1,9942,9882,60
2018-02-04 16:00:00,2,5834,5238,596
2018-02-04 17:00:00,1,9712,9720,-8
2018-02-04 17:00:00,2,9055,8964,91
2018-02-04 18:00:00,1,10696,10692,4
2018-02-04 18:00:00,2,9195,9126,69
2018-02-04 19:00:00,1,10123,9990,133
2018-02-04 19:00:00,2,7900,7830,70
2018-02-04 20:00:00,1,10095,9936,159
2018-02-04 20:00:00,2,10028,10044,-16
2018-02-04 21:00:00,1,9712,9612,100
2018-02-04 21:00:00,2,9906,9720,186
2018-02-04 22:00:00,1,10052,9990,62
2018-02-04 22:00:00,2,10583,10530,53
2018-02-04 23:00:00,1,8563,8478,85
2018-02-04 23:00:00,2,10076,9990,86
2018-02-05 00:00:00,1,9312,9126,186
2018-02-05 00:00:00,2,9788,9774,14
2018-02-05 01:00:00,1,9852,9882,-30
2018-02-05 01:00:00,2,9388,9288,100
2018-02-05 02:00:00,1,10328,10206,122
2018-02-05 02:00:00,2,9916,9882,34
2018-02-05 03:00:00,1,9508,9396,112
2018-02-05 03:00:00,2,9936,9828,108
2018-02-05 04:00:00,1,10138,10044,94
2018-02-05 04:00:00,2,9588,9558,30
2018-02-05 05:00:00,1,9756,9774,-18
2018-02-05 05:00:00,2,9920,9828,92
2018-02-05 06:00:00,1,9124,8910,214
2018-02-05 06:00:00,2,10172,10098,74
2018-02-05 07:00:00,1,3600,3564,36
2018-02-05 07:00:00,2,7580,7506,74
2018-02-05 08:00:00,1,1302,1836,-534
2018-02-05 08:00:00,2,5791,5724,67
2018-02-05 09:00:00,1,3178,2646,532
2018-02-05 09:00:00,2,8643,8532,111
2018-02-05 10:00:00,1,5806,5724,82
2018-02-05 10:00:00,2,8672,8532,140
2018-02-05 11:00:00,1,9788,9720,68
2018-02-05 11:00:00,2,10359,10260,99
2018-02-05 12:00:00,1,8359,8100,259
2018-02-05 12:00:00,2,8334,8424,-90
2018-02-05 13:00:00,1,8412,8316,96
2018-02-05 13:00:00,2,170,612,-442
2018-02-05 14:00:00,1,6196,6102,94
2018-02-05 14:00:00,2,6501,5832,669
2018-02-05 15:00:00,1,3512,3294,218
2018-02-05 15:00:00,2,6940,6804,136
2018-02-05 16:00:00,1,3142,3222,-80
2018-02-05 16:00:00,2,9380,9342,38
2018-02-05 17:00:00,1,8888,8640,248
2018-02-05 17:00:00,2,9132,8910,222
2018-02-05 18:00:00,1,7291,7074,217
2018-02-05 18:00:00,2,10252,10152,100
2018-02-05 19:00:00,1,8259,8262,-3
2018-02-05 19:00:00,2,2550,2430,120
2018-02-05 20:00:00,1,5804,5616,188
2018-02-05 20:00:00,2,10436,10422,14
2018-02-05 21:00:00,1,7876,7776,100
2018-02-05 21:00:00,2,9435,9342,93
2018-02-05 22:00:00,1,9824,9720,104
2018-02-05 22:00:00,2,9680,9666,14
2018-02-05 23:00:00,1,8484,8316,168
2018-02-05 23:00:00,2,10234,10260,-26
2018-02-06 00:00:00,1,9624,9558,66
2018-02-06 00:00:00,2,9804,9666,138
2018-02-06 01:00:00,1,9640,9558,82
2018-02-06 01:00:00,2,8844,8910,-66
2018-02-06 02:00:00,1,4372,4266,106
2018-02-06 02:00:00,2,8748,8748,0
2018-02-06 03:00:00,1,7420,7020,400
2018-02-06 03:00:00,2,5172,4914,258
2018-02-06 04:00:00,1,8740,8640,100
2018-02-06 04:00:00,2,9984,9882,102
2018-02-06 05:00:00,1,9560,9612,-52
2018-02-06 05:00:00,2,9342,9288,54
2018-02-06 06:00:00,1,9072,8802,270
2018-02-06 06:00:00,2,9412,9396,16
2018-02-06 07:00:00,1,7953,7992,-39
2018-02-06 07:00:00,2,10532,10422,110
2018-02-06 08:00:00,1,38,378,-340
2018-02-06 08:00:00,2,7028,7020,8
2018-02-06 09:00:00,1,7712,7128,584
2018-02-06 09:00:00,2,8908,8802,106
2018-02-06 10:00:00,1,8116,7938,178
2018-02-06 10:00:00,2,9500,9450,50
2018-02-06 11:00:00,1,8507,8370,137
2018-02-06 11:00:00,2,7376,7344,32
2018-02-06 12:00:00,1,5927,5868,59
2018-02-06 12:00:00,2,9424,9504,-80
2018-02-06 13:00:00,1,1528,2052,-524
2018-02-06 13:00:00,2,8212,7992,220
2018-02-06 14:00:00,1,4965,4266,699
2018-02-06 14:00:00,2,8144,7938,206
2018-02-06 15:00:00,1,10052,9936,116
2018-02-06 15:00:00,2,9240,9180,60
2018-02-06 16:00:00,1,8456,8262,194
2018-02-06 16:00:00,2,10296,10206,90
2018-02-06 17:00:00,1,8700,8640,60
2018-02-06 17:00:00,2,9092,9126,-34
2018-02-06 18:00:00,1,9286,9072,214
2018-02-06 18:00:00,2,10096,9990,106
2018-02-06 19:00:00,1,9111,8964,147
2018-02-06 19:00:00,2,9616,9504,112
2018-02-06 20:00:00,1,873,1422,-549
2018-02-06 20:00:00,2,10098,10098,0
2018-02-06 21:00:00,1,390,0,390
2018-02-06 21:00:00,2,10296,10206,90
2018-02-06 22:00:00,1,6832,6588,244
2018-02-06 22:00:00,2,10158,10044,114
2018-02-06 23:00:00,1,2440,2376,64
2018-02-06 23:00:00,2,10100,10044,56
2018-02-07 00:00:00,1,2188,2160,28
2018-02-07 00:00:00,2,9970,9990,-20
2018-02-07 01:00:00,1,6903,6750,153
2018-02-07 01:00:00,2,9224,9000,224
2018-02-07 02:00:00,1,10142,10098,44
2018-02-07 02:00:00,2,9912,9828,84
2018-02-07 03:00:00,1,10256,10098,158
2018-02-07 03:00:00,2,7454,7956,-502
2018-02-07 04:00:00,1,8108,8046,62
2018-02-07 04:00:00,2,402,0,402
2018-02-07 05:00:00,1,8371,8262,109
2018-02-07 05:00:00,2,5446,5076,370
2018-02-07 06:00:00,1,7095,7074,21
2018-02-07 06:00:00,2,7496,7344,152
2018-02-07 07:00:00,1,5658,5454,204
2018-02-07 07:00:00,2,6035,6462,-427
2018-02-07 08:00:00,1,9351,9342,9
2018-02-07 08:00:00,2,1630,1026,604
2018-02-07 09:00:00,1,1624,1602,22
2018-02-07 09:00:00,2,9095,9018,77
2018-02-07 10:00:00,1,572,378,194
2018-02-07 10:00:00,2,9816,9666,150
2018-02-07 11:00:00,1,5456,5400,56
2018-02-07 11:00:00,2,9158,9126,32
2018-02-07 12:00:00,1,7428,7344,84
2018-02-07 12:00:00,2,10051,9936,115
2018-02-07 13:00:00,1,8420,8370,50
2018-02-07 13:00:00,2,9560,9450,110
2018-02-07 14:00:00,1,7479,7398,81
2018-02-07 14:00:00,2,9724,9612,112
2018-02-07 15:00:00,1,7176,7074,102
2018-02-07 15:00:00,2,6392,6318,74
2018-02-07 16:00:00,1,6591,6426,165
2018-02-07 16:00:00,2,6000,5994,6
2018-02-07 17:00:00,1,8531,8424,107
2018-02-07 17:00:00,2,8531,8316,215
2018-02-07 18:00:00,1,8471,8424,47
2018-02-07 18:00:00,2,4844,4806,38
2018-02-07 19:00:00,1,8904,8748,156
2018-02-07 19:00:00,2,6896,6750,146
2018-02-07 20:00:00,1,7997,7776,221
2018-02-07 20:00:00,2,3387,3456,-69
2018-02-07 21:00:00,1,8260,8316,-56
2018-02-07 21:00:00,2,219,108,111
2018-02-07 22:00:00,1,8901,8640,261
2018-02-07 22:00:00,2,7959,7776,183
2018-02-07 23:00:00,1,5778,5670,108
2018-02-07 23:00:00,2,9935,9882,53
2018-02-08 00:00:00,1,8899,8856,43
2018-02-08 00:00:00,2,9233,9072,161
2018-02-08 01:00:00,1,7781,7776,5
2018-02-08 01:00:00,2,8816,8640,176
2018-02-08 02:00:00,1,4889,4698,191
2018-02-08 02:00:00,2,8150,7992,158
2018-02-08 03:00:00,1,7593,7614,-21
2018-02-08 03:00:00,2,10264,10206,58
2018-02-08 04:00:00,1,6360,6102,258
2018-02-08 04:00:00,2,3850,3834,16
2018-02-08 05:00:00,1,8232,8154,78
2018-02-08 05:00:00,2,8880,8964,-84
2018-02-08 06:00:00,1,8956,8892,64
2018-02-08 06:00:00,2,8936,8748,188
2018-02-08 07:00:00,1,8274,8208,66
2018-02-08 07:00:00,2,9011,8964,47
2018-02-08 08:00:00,1,8976,8964,12
2018-02-08 08:00:00,2,9256,9288,-32
2018-02-08 09:00:00,1,6061,5994,67
2018-02-08 09:00:00,2,7654,7668,-14
2018-02-08 10:00:00,1,6372,6372,0
2018-02-08 10:00:00,2,7056,6858,198
2018-02-08 11:00:00,1,5204,5130,74
2018-02-08 11:00:00,2,7448,7344,104
2018-02-08 12:00:00,1,7830,7776,54
2018-02-08 12:00:00,2,6439,6534,-95
2018-02-08 13:00:00,1,8240,8208,32
2018-02-08 13:00:00,2,7956,7884,72
2018-02-08 14:00:00,1,6424,6318,106
2018-02-08 14:00:00,2,3720,3564,156
2018-02-08 15:00:00,1,4764,5238,-474
2018-02-08 15:00:00,2,9358,9342,16
2018-02-08 16:00:00,1,593,0,593
2018-02-08 16:00:00,2,8371,8316,55
2018-02-08 17:00:00,1,7928,7866,62
2018-02-08 17:00:00,2,7287,7236,51
2018-02-08 18:00:00,1,9635,9612,23
2018-02-08 18:00:00,2,2010,2574,-564
2018-02-08 19:00:00,1,10338,10314,24
2018-02-08 19:00:00,2,2614,2106,508
2018-02-08 20:00:00,1,10340,10260,80
2018-02-08 20:00:00,2,10056,9882,174
2018-02-08 21:00:00,1,5396,5508,-112
2018-02-08 21:00:00,2,10152,10098,54
2018-02-08 22:00:00,1,3251,2916,335
2018-02-08 22:00:00,2,1391,1512,-121
2018-02-08 23:00:00,1,10431,10260,171
2018-02-08 23:00:00,2,3297,3078,219
2018-02-09 00:00:00,1,9344,9396,-52
2018-02-09 00:00:00,2,9232,9180,52
2018-02-09 01:00:00,1,7788,7506,282
2018-02-09 01:00:00,2,8605,8532,73
2018-02-09 02:00:00,1,10004,9882,122
2018-02-09 02:00:00,2,9432,9450,-18
2018-02-09 03:00:00,1,8524,8370,154
2018-02-09 03:00:00,2,10556,10476,80
2018-02-09 04:00:00,1,10424,10422,2
2018-02-09 04:00:00,2,9431,9288,143
2018-02-09 05:00:00,1,6628,6642,-14
2018-02-09 05:00:00,2,7112,7128,-16
2018-02-09 06:00:00,2,0,54,-54
2018-02-09 08:00:00,1,3256,3348,-92
2018-02-09 08:00:00,2,196,162,34
2018-02-09 09:00:00,1,172,54,118
2018-02-09 10:00:00,1,1840,1836,4
2018-02-09 10:00:00,2,1048,1026,22
2018-02-09 11:00:00,1,9320,9126,194
2018-02-09 11:00:00,2,8524,8478,46
2018-02-09 12:00:00,1,9738,9720,18
2018-02-09 12:00:00,2,3668,3672,-4
2018-02-09 13:00:00,1,8690,8586,104
2018-02-09 13:00:00,2,7335,7236,99
2018-02-09 14:00:00,1,9227,9126,101
2018-02-09 14:00:00,2,7256,7182,74
2018-02-09 15:00:00,1,8156,8100,56
2018-02-09 15:00:00,2,6192,6102,90
2018-02-09 16:00:00,1,8512,8478,34
2018-02-09 16:00:00,2,9464,9558,-94
2018-02-09 17:00:00,1,1532,2034,-502
2018-02-09 17:00:00,2,9132,8964,168
2018-02-09 18:00:00,1,3554,2916,638
2018-02-09 18:00:00,2,8576,8640,-64
2018-02-09 19:00:00,1,8575,8424,151
2018-02-09 19:00:00,2,8800,8640,160
2018-02-09 20:00:00,1,9120,9072,48
2018-02-09 20:00:00,2,8599,8586,13
2018-02-09 21:00:00,1,9772,9612,160
2018-02-09 21:00:00,2,9545,9504,41
2018-02-09 22:00:00,1,9284,9234,50
2018-02-09 22:00:00,2,9247,9126,121
2018-02-09 23:00:00,1,9380,9342,38
2018-02-09 23:00:00,2,9564,9558,6
2018-02-10 00:00:00,1,9011,8802,209
2018-02-10 00:00:00,2,8607,8532,75
2018-02-10 01:00:00,1,9836,9774,62
2018-02-10 01:00:00,2,8976,8910,66
2018-02-10 02:00:00,1,9043,8964,79
2018-02-10 02:00:00,2,8768,8802,-34
2018-02-10 03:00:00,1,8764,8640,124
2018-02-10 03:00:00,2,9368,9234,134
2018-02-10 04:00:00,1,4378,4914,-536
2018-02-10 04:00:00,2,8832,8802,30
2018-02-10 05:00:00,1,6734,6300,434
2018-02-10 05:00:00,2,9004,9018,-14
2018-02-10 06:00:00,1,9472,9234,238
2018-02-10 06:00:00,2,196,612,-416
2018-02-10 07:00:00,1,9532,9450,82
2018-02-10 07:00:00,2,4616,4104,512
2018-02-10 08:00:00,1,7773,7722,51
2018-02-10 08:00:00,2,9276,9126,150
2018-02-10 09:00:00,1,7123,6966,157
2018-02-10 09:00:00,2,8496,8424,72
2018-02-10 10:00:00,1,8471,8424,47
2018-02-10 10:00:00,2,9000,8910,90
2018-02-10 11:00:00,1,9451,9396,55
2018-02-10 11:00:00,2,9940,9828,112
2018-02-10 12:00:00,1,5468,5400,68
2018-02-10 12:00:00,2,9248,9126,122
2018-02-10 13:00:00,1,9139,9072,67
2018-02-10 13:00:00,2,8140,8154,-14
2018-02-10 14:00:00,1,7093,7020,73
2018-02-10 14:00:00,2,9520,9342,178
2018-02-10 15:00:00,1,7231,7074,157
2018-02-10 15:00:00,2,8780,8748,32
2018-02-10 16:00:00,1,8603,8586,17
2018-02-10 16:00:00,2,9382,9288,94
2018-02-10 17:00:00,1,7764,7722,42
2018-02-10 17:00:00,2,9068,9018,50
2018-02-10 18:00:00,1,7150,7074,76
2018-02-10 18:00:00,2,8834,8694,140
2018-02-10 19:00:00,1,8472,8370,102
2018-02-10 19:00:00,2,5018,5562,-544
2018-02-10 20:00:00,1,7562,7344,218
2018-02-10 20:00:00,2,7064,6534,530
2018-02-10 21:00:00,1,8864,8748,116
2018-02-10 21:00:00,2,8148,7938,210
2018-02-10 22:00:00,1,8016,7938,78
2018-02-10 22:00:00,2,9768,9774,-6
2018-02-10 23:00:00,1,9620,9558,62
2018-02-10 23:00:00,2,9100,9018,82
2018-02-11 00:00:00,1,8695,8640,55
2018-02-11 00:00:00,2,9448,9396,52
2018-02-11 01:00:00,1,9404,9342,62
2018-02-11 01:00:00,2,9759,9612,147
2018-02-11 02:00:00,1,9224,9180,44
2018-02-11 02:00:00,2,9660,9612,48
2018-02-11 03:00:00,1,9235,9180,55
2018-02-11 03:00:00,2,9608,9558,50
2018-02-11 04:00:00,1,9414,9342,72
2018-02-11 04:00:00,2,9836,9720,116
2018-02-11 05:00:00,1,9368,9342,26
2018-02-11 05:00:00,2,9863,9828,35
2018-02-11 06:00:00,1,9292,9234,58
2018-02-11 06:00:00,2,10159,10044,115
2018-02-11 07:00:00,1,9399,9342,57
2018-02-11 07:00:00,2,9177,9126,51
2018-02-11 08:00:00,1,9316,9288,28
2018-02-11 08:00:00,2,9480,9342,138
2018-02-11 09:00:00,1,9692,9612,80
2018-02-11 09:00:00,2,9339,9342,-3
2018-02-11 10:00:00,1,9536,9504,32
2018-02-11 10:00:00,2,7788,7614,174
2018-02-11 11:00:00,1,7756,7722,34
2018-02-11 11:00:00,2,9482,9396,86
2018-02-11 12:00:00,1,8600,8586,14
2018-02-11 12:00:00,2,9700,9666,34
2018-02-11 13:00:00,1,9152,9072,80
2018-02-11 13:00:00,2,8576,8478,98
2018-02-11 14:00:00,1,7704,7722,-18
2018-02-11 14:00:00,2,5180,4788,392
2018-02-11 15:00:00,1,4562,5022,-460
2018-02-11 15:00:00,2,9764,9720,44
2018-02-11 16:00:00,1,8321,7668,653
2018-02-11 16:00:00,2,9592,9504,88
2018-02-11 17:00:00,1,8947,8910,37
2018-02-11 17:00:00,2,9386,9342,44
2018-02-11 18:00:00,1,7220,7398,-178
2018-02-11 18:00:00,2,9056,9072,-16
2018-02-11 19:00:00,1,9356,9234,122
2018-02-11 19:00:00,2,7686,8046,-360
2018-02-11 20:00:00,1,10000,9990,10
2018-02-11 20:00:00,2,2782,2214,568
2018-02-11 21:00:00,1,8841,8748,93
2018-02-11 21:00:00,2,9388,9342,46
2018-02-11 22:00:00,1,9219,9234,-15
2018-02-11 22:00:00,2,9940,9828,112
2018-02-11 23:00:00,1,8688,8532,156
2018-02-11 23:00:00,2,8488,8424,64
2018-02-12 00:00:00,1,7609,7290,319
2018-02-12 00:00:00,2,9440,9450,-10
2018-02-12 01:00:00,1,8584,8532,52
2018-02-12 01:00:00,2,8928,8856,72
2018-02-12 02:00:00,1,8988,8964,24
2018-02-12 02:00:00,2,9616,9450,166
2018-02-12 03:00:00,1,8627,8640,-13
2018-02-12 03:00:00,2,9744,9720,24
2018-02-12 04:00:00,1,9513,9342,171
2018-02-12 04:00:00,2,8012,7938,74
2018-02-12 05:00:00,1,7608,7614,-6
2018-02-12 05:00:00,2,8460,8424,36
2018-02-12 06:00:00,1,8600,8532,68
2018-02-12 06:00:00,2,9316,9126,190
2018-02-12 07:00:00,1,20,0,20
2018-02-12 07:00:00,2,9960,9882,78
2018-02-12 08:00:00,1,244,270,-26
2018-02-12 08:00:00,2,9084,9072,12
2018-02-12 09:00:00,1,4724,4878,-154
2018-02-12 09:00:00,2,3532,3726,-194
2018-02-12 11:00:00,1,12,0,12
2018-02-12 11:00:00,2,8284,8046,238
2018-02-12 12:00:00,1,505,486,19
2018-02-12 12:00:00,2,10288,10260,28
2018-02-12 13:00:00,1,224,216,8
2018-02-12 13:00:00,2,9848,9720,128
2018-02-12 14:00:00,1,2508,2322,186
2018-02-12 14:00:00,2,9764,9828,-64
2018-02-12 15:00:00,1,9040,8964,76
2018-02-12 15:00:00,2,8806,8586,220
2018-02-12 16:00:00,1,8340,8262,78
2018-02-12 16:00:00,2,8026,7992,34
2018-02-12 17:00:00,1,7365,7020,345
2018-02-12 17:00:00,2,10154,10098,56
2018-02-12 18:00:00,1,9832,9774,58
2018-02-12 18:00:00,2,9984,10044,-60
2018-02-12 19:00:00,1,9036,9018,18
2018-02-12 19:00:00,2,9568,9396,172
2018-02-12 20:00:00,1,8794,8748,46
2018-02-12 20:00:00,2,7552,7452,100
2018-02-12 21:00:00,1,10000,9936,64
2018-02-12 21:00:00,2,8808,8640,168
2018-02-12 22:00:00,1,9072,9126,-54
2018-02-12 22:00:00,2,9600,9504,96
2018-02-12 23:00:00,1,6920,6804,116
2018-02-12 23:00:00,2,7216,7128,88
2018-02-13 00:00:00,1,4340,4320,20
2018-02-13 00:00:00,2,9456,9342,114
2018-02-13 01:00:00,1,7152,7074,78
2018-02-13 01:00:00,2,8736,8694,42
2018-02-13 02:00:00,1,8959,8910,49
2018-02-13 02:00:00,2,9418,9342,76
2018-02-13 03:00:00,1,6036,5994,42
2018-02-13 03:00:00,2,9466,9234,232
2018-02-13 04:00:00,1,4859,4806,53
2018-02-13 04:00:00,2,1722,2286,-564
2018-02-13 05:00:00,1,9054,9180,-126
2018-02-13 06:00:00,1,6720,6480,240
2018-02-13 07:00:00,1,9476,9342,134
2018-02-13 07:00:00,2,4656,4050,606
2018-02-13 08:00:00,1,7924,7992,-68
2018-02-13 08:00:00,2,8800,8640,160
2018-02-13 09:00:00,1,178,666,-488
2018-02-13 09:00:00,2,10268,10206,62
2018-02-13 10:00:00,1,8185,7560,625
2018-02-13 10:00:00,2,8860,8694,166
2018-02-13 11:00:00,1,8616,8532,84
2018-02-13 11:00:00,2,9539,9450,89
2018-02-13 12:00:00,1,10044,9990,54
2018-02-13 12:00:00,2,10144,9936,208
2018-02-13 13:00:00,1,8264,8262,2
2018-02-13 13:00:00,2,8884,8802,82
2018-02-13 14:00:00,1,9700,9666,34
2018-02-13 14:00:00,2,2878,3420,-542
2018-02-13 15:00:00,1,9459,9288,171
2018-02-13 15:00:00,2,7598,6966,632
2018-02-13 16:00:00,1,9707,9666,41
2018-02-13 16:00:00,2,9892,9882,10
2018-02-13 17:00:00,1,6518,6534,-16
2018-02-13 17:00:00,2,9743,9594,149
2018-02-13 18:00:00,1,8042,7992,50
2018-02-13 18:00:00,2,8160,8100,60
2018-02-13 19:00:00,1,8479,8316,163
2018-02-13 19:00:00,2,9408,9288,120
2018-02-13 20:00:00,1,9856,9882,-26
2018-02-13 20:00:00,2,9900,9720,180
2018-02-13 21:00:00,1,10019,9882,137
2018-02-13 21:00:00,2,9847,9720,127
2018-02-13 22:00:00,1,8501,8460,41
2018-02-13 22:00:00,2,8624,8640,-16
2018-02-13 23:00:00,1,8520,8532,-12
2018-02-13 23:00:00,2,9076,8964,112
2018-02-14 00:00:00,1,9914,9774,140
2018-02-14 00:00:00,2,9560,9450,110
2018-02-14 01:00:00,1,7552,7470,82
2018-02-14 01:00:00,2,8524,8478,46
2018-02-14 02:00:00,1,9884,9828,56
2018-02-14 02:00:00,2,1927,1836,91
2018-02-14 03:00:00,1,8500,8424,76
2018-02-14 03:00:00,2,8180,8154,26
2018-02-14 04:00:00,1,8022,7992,30
2018-02-14 04:00:00,2,8224,8154,70
2018-02-14 05:00:00,1,9400,9234,166
2018-02-14 05:00:00,2,10104,9936,168
2018-02-14 06:00:00,1,68,216,-148
2018-02-14 06:00:00,2,2944,3078,-134
2018-02-14 08:00:00,1,3579,3564,15
2018-02-14 09:00:00,1,10308,10152,156
2018-02-14 10:00:00,1,8491,8370,121
2018-02-14 11:00:00,1,9272,9234,38
2018-02-14 12:00:00,1,9106,9126,-20
2018-02-14 13:00:00,1,8451,8316,135
2018-02-14 14:00:00,1,9336,9288,48
2018-02-14 14:00:00,2,60,162,-102
2018-02-14 15:00:00,1,8808,8748,60
2018-02-14 15:00:00,2,3612,3402,210
2018-02-14 16:00:00,1,9690,9504,186
2018-02-14 16:00:00,2,6580,6534,46
2018-02-14 17:00:00,1,9816,9774,42
2018-02-14 17:00:00,2,4576,4482,94
2018-02-14 18:00:00,1,9564,9558,6
2018-02-14 18:00:00,2,9075,8748,327
2018-02-14 19:00:00,1,7508,7452,56
2018-02-14 19:00:00,2,9972,9828,144
2018-02-14 20:00:00,1,10268,10152,116
2018-02-14 20:00:00,2,10144,10044,100
2018-02-14 21:00:00,1,2666,3168,-502
2018-02-14 21:00:00,2,5520,5454,66
2018-02-14 22:00:00,2,9980,9882,98
2018-02-14 23:00:00,2,8452,8424,28
2018-02-15 00:00:00,1,2489,1836,653
2018-02-15 00:00:00,2,9256,9126,130
2018-02-15 01:00:00,1,9044,8964,80
2018-02-15 01:00:00,2,5472,5400,72
2018-02-15 02:00:00,1,9147,8910,237
2018-02-15 02:00:00,2,2878,3222,-344
2018-02-15 03:00:00,1,3407,3402,5
2018-02-15 03:00:00,2,7632,7020,612
2018-02-15 04:00:00,1,6848,6696,152
2018-02-15 04:00:00,2,5092,5184,-92
2018-02-15 05:00:00,1,7372,7344,28
2018-02-15 05:00:00,2,5428,5346,82
2018-02-15 06:00:00,1,7996,7776,220
2018-02-15 06:00:00,2,7000,6804,196
2018-02-15 07:00:00,1,7807,7668,139
2018-02-15 07:00:00,2,2380,2214,166
2018-02-15 08:00:00,1,8092,8100,-8
2018-02-15 08:00:00,2,7936,7830,106
2018-02-15 09:00:00,1,7991,7722,269
2018-02-15 09:00:00,2,9332,9234,98
2018-02-15 10:00:00,1,6444,6876,-432
2018-02-15 10:00:00,2,9159,9072,87
2018-02-15 11:00:00,2,4756,4698,58
2018-02-15 12:00:00,1,278,0,278
2018-02-15 12:00:00,2,8944,8856,88
2018-02-15 13:00:00,1,8899,8532,367
2018-02-15 13:00:00,2,10208,10152,56
2018-02-15 14:00:00,1,10448,10422,26
2018-02-15 14:00:00,2,9728,9612,116
2018-02-15 15:00:00,1,8280,8208,72
2018-02-15 15:00:00,2,10420,10314,106
2018-02-15 16:00:00,1,9564,9504,60
2018-02-15 16:00:00,2,9812,9774,38
2018-02-15 17:00:00,1,10644,10584,60
2018-02-15 17:00:00,2,9952,9828,124
2018-02-15 18:00:00,1,9728,9720,8
2018-02-15 18:00:00,2,10040,10044,-4
2018-02-15 19:00:00,1,8526,8478,48
2018-02-15 19:00:00,2,10107,9936,171
2018-02-15 20:00:00,1,8928,8856,72
2018-02-15 20:00:00,2,10368,10314,54
2018-02-15 21:00:00,1,9643,9504,139
2018-02-15 21:00:00,2,10108,10044,64
2018-02-15 22:00:00,1,9516,9540,-24
2018-02-15 22:00:00,2,9587,9504,83
2018-02-15 23:00:00,1,10416,10314,102
2018-02-15 23:00:00,2,9004,8910,94
2018-02-16 00:00:00,1,10172,10134,38
2018-02-16 00:00:00,2,3348,3348,0
2018-02-16 01:00:00,1,9926,9990,-64
2018-02-16 01:00:00,2,8576,8586,-10
2018-02-16 02:00:00,1,9952,9774,178
2018-02-16 02:00:00,2,6010,6462,-452
2018-02-16 03:00:00,1,10028,9990,38
2018-02-16 03:00:00,2,3590,3186,404
2018-02-16 04:00:00,1,10035,9936,99
2018-02-16 04:00:00,2,9701,9504,197
2018-02-16 05:00:00,1,9628,9558,70
2018-02-16 05:00:00,2,7088,7182,-94
2018-02-16 06:00:00,1,10184,10098,86
2018-02-16 06:00:00,2,8831,8586,245
2018-02-16 07:00:00,1,5356,5400,-44
2018-02-16 07:00:00,2,9785,9720,65
2018-02-16 08:00:00,2,7972,7938,34
2018-02-16 09:00:00,1,16,108,-92
2018-02-16 09:00:00,2,9348,9288,60
2018-02-16 10:00:00,1,6136,5886,250
2018-02-16 10:00:00,2,9952,9882,70
2018-02-16 11:00:00,1,7352,7236,116
2018-02-16 11:00:00,2,9856,9828,28
2018-02-16 12:00:00,1,9628,9612,16
2018-02-16 12:00:00,2,8336,8316,20
2018-02-16 13:00:00,1,8875,8694,181
2018-02-16 13:00:00,2,9571,9504,67
2018-02-16 14:00:00,1,9445,9342,103
2018-02-16 14:00:00,2,9376,9342,34
2018-02-16 15:00:00,1,9264,9180,84
2018-02-16 15:00:00,2,9648,9612,36
2018-02-16 16:00:00,1,9586,9504,82
2018-02-16 16:00:00,2,10136,10044,92
2018-02-16 17:00:00,1,8762,8964,-202
2018-02-16 17:00:00,2,10208,10206,2
2018-02-16 18:00:00,1,10088,9774,314
2018-02-16 18:00:00,2,10448,10368,80
2018-02-16 19:00:00,1,9735,9774,-39
2018-02-16 19:00:00,2,9784,9666,118
2018-02-16 20:00:00,1,9792,9666,126
2018-02-16 20:00:00,2,9276,9234,42
2018-02-16 21:00:00,1,4065,4104,-39
2018-02-16 21:00:00,2,9104,9072,32
2018-02-16 22:00:00,1,6431,6372,59
2018-02-16 22:00:00,2,9076,9018,58
2018-02-16 23:00:00,1,2006,1890,116
2018-02-16 23:00:00,2,9471,9396,75
2018-02-17 00:00:00,1,9260,9180,80
2018-02-17 00:00:00,2,7831,7776,55
2018-02-17 01:00:00,1,9143,9072,71
2018-02-17 01:00:00,2,8604,8640,-36
2018-02-17 02:00:00,1,9948,9990,-42
2018-02-17 02:00:00,2,6112,5994,118
2018-02-17 03:00:00,1,8830,8748,82
2018-02-17 03:00:00,2,8286,8262,24
2018-02-17 04:00:00,1,9312,9180,132
2018-02-17 04:00:00,2,7836,7776,60
2018-02-17 05:00:00,1,8912,8910,2
2018-02-17 05:00:00,2,8160,8100,60
2018-02-17 06:00:00,1,8264,8262,2
2018-02-17 06:00:00,2,8651,9180,-529
2018-02-17 07:00:00,1,5072,5076,-4
2018-02-17 07:00:00,2,3706,3078,628
2018-02-17 08:00:00,1,8724,8586,138
2018-02-17 08:00:00,2,8663,8640,23
2018-02-17 09:00:00,1,5784,5886,-102
2018-02-17 09:00:00,2,5528,5454,74
2018-02-17 10:00:00,1,7996,7668,328
2018-02-17 10:00:00,2,4792,4806,-14
2018-02-17 11:00:00,1,7596,7614,-18
2018-02-17 11:00:00,2,8592,8586,6
2018-02-17 12:00:00,1,9222,9018,204
2018-02-17 12:00:00,2,8852,8694,158
2018-02-17 13:00:00,1,9656,9666,-10
2018-02-17 13:00:00,2,9376,9342,34
2018-02-17 14:00:00,1,9600,9504,96
2018-02-17 14:00:00,2,7656,7560,96
2018-02-17 15:00:00,1,9524,9396,128
2018-02-17 15:00:00,2,8696,8856,-160
2018-02-17 16:00:00,1,9348,9378,-30
2018-02-17 16:00:00,2,8719,8532,187
2018-02-17 17:00:00,1,8656,8532,124
2018-02-17 17:00:00,2,8664,8532,132
2018-02-17 18:00:00,1,9572,9504,68
2018-02-17 18:00:00,2,9424,9396,28
2018-02-17 19:00:00,1,8588,8478,110
2018-02-17 19:00:00,2,7908,7830,78
2018-02-17 20:00:00,1,9588,9558,30
2018-02-17 20:00:00,2,9564,9504,60
2018-02-17 21:00:00,1,8440,8370,70
2018-02-17 21:00:00,2,8556,8748,-192
2018-02-17 22:00:00,1,9060,8964,96
2018-02-17 22:00:00,2,8312,8100,212
2018-02-17 23:00:00,1,10348,10260,88
2018-02-17 23:00:00,2,8816,8694,122
2018-02-18 00:00:00,1,10244,10152,92
2018-02-18 00:00:00,2,9244,9180,64
2018-02-18 01:00:00,1,9656,9612,44
2018-02-18 01:00:00,2,9368,9288,80
2018-02-18 02:00:00,1,10128,10098,30
2018-02-18 02:00:00,2,9248,9342,-94
2018-02-18 03:00:00,1,8200,8100,100
2018-02-18 03:00:00,2,516,396,120
2018-02-18 04:00:00,1,10416,10314,102
2018-02-18 04:00:00,2,7972,7776,196
2018-02-18 05:00:00,1,8523,8424,99
2018-02-18 05:00:00,2,8659,8856,-197
2018-02-18 06:00:00,1,10368,10314,54
2018-02-18 06:00:00,2,8464,8208,256
2018-02-18 07:00:00,1,9956,9882,74
2018-02-18 07:00:00,2,8652,8586,66
2018-02-18 08:00:00,1,5730,6210,-480
2018-02-18 08:00:00,2,9068,9126,-58
2018-02-18 09:00:00,2,9140,9018,122
2018-02-18 10:00:00,1,7828,3888,3940
2018-02-18 10:00:00,2,9268,9234,34
2018-02-18 11:00:00,1,9920,9774,146
2018-02-18 11:00:00,2,9308,9234,74
2018-02-18 12:00:00,1,10440,10260,180
2018-02-18 12:00:00,2,9439,9396,43
2018-02-18 13:00:00,1,9964,9882,82
2018-02-18 13:00:00,2,8903,8856,47
2018-02-18 14:00:00,1,8751,8910,-159
2018-02-18 14:00:00,2,9060,9018,42
2018-02-18 15:00:00,1,8628,8316,312
2018-02-18 15:00:00,2,8364,8316,48
2018-02-18 16:00:00,1,9724,9666,58
2018-02-18 16:00:00,2,10056,9990,66
2018-02-18 17:00:00,1,8952,8910,42
2018-02-18 17:00:00,2,7680,7632,48
2018-02-18 18:00:00,1,9660,9504,156
2018-02-18 18:00:00,2,9236,9180,56
2018-02-18 19:00:00,1,9040,9072,-32
2018-02-18 19:00:00,2,9035,8964,71
2018-02-18 20:00:00,1,7830,7668,162
2018-02-18 20:00:00,2,8428,8370,58
2018-02-18 21:00:00,1,9028,9126,-98
2018-02-18 21:00:00,2,8827,8802,25
2018-02-18 22:00:00,1,9467,9234,233
2018-02-18 22:00:00,2,8512,8478,34
2018-02-18 23:00:00,1,9932,9828,104
2018-02-18 23:00:00,2,7019,6966,53
2018-02-19 00:00:00,1,10088,10044,44
2018-02-19 00:00:00,2,8132,8100,32
2018-02-19 01:00:00,1,9596,9558,38
2018-02-19 01:00:00,2,8764,8694,70
2018-02-19 02:00:00,1,10112,10044,68
2018-02-19 02:00:00,2,9476,9396,80
2018-02-19 03:00:00,1,10224,10098,126
2018-02-19 03:00:00,2,9516,9504,12
2018-02-19 04:00:00,1,8672,8640,32
2018-02-19 04:00:00,2,9248,9180,68
2018-02-19 05:00:00,1,9600,9504,96
2018-02-19 05:00:00,2,9232,9288,-56
2018-02-19 06:00:00,1,10219,10152,67
2018-02-19 06:00:00,2,8364,8208,156
2018-02-19 07:00:00,1,9976,9936,40
2018-02-19 07:00:00,2,6328,6210,118
2018-02-19 08:00:00,1,9827,9774,53
2018-02-19 08:00:00,2,0,54,-54
2018-02-19 09:00:00,1,10332,10206,126
2018-02-19 10:00:00,1,9280,9342,-62
2018-02-19 10:00:00,2,348,288,60
2018-02-19 11:00:00,1,7760,7614,146
2018-02-19 11:00:00,2,4804,4806,-2
2018-02-19 12:00:00,1,9752,9720,32
2018-02-19 12:00:00,2,4212,4212,0
2018-02-19 13:00:00,1,2251,2214,37
2018-02-19 13:00:00,2,872,810,62
2018-02-19 14:00:00,1,9044,9018,26
2018-02-19 14:00:00,2,3232,3186,46
2018-02-19 15:00:00,1,3172,3672,-500
2018-02-19 15:00:00,2,5992,6048,-56
2018-02-19 16:00:00,1,2506,2052,454
2018-02-19 16:00:00,2,5672,5616,56
2018-02-19 17:00:00,1,9360,9126,234
2018-02-19 17:00:00,2,4359,4266,93
2018-02-19 18:00:00,1,8396,8208,188
2018-02-19 18:00:00,2,8828,8748,80
2018-02-19 19:00:00,1,8008,7992,16
2018-02-19 19:00:00,2,7338,7236,102
2018-02-19 20:00:00,1,7515,7560,-45
2018-02-19 20:00:00,2,8788,8748,40
2018-02-19 21:00:00,1,6353,6498,-145
2018-02-19 21:00:00,2,8644,8586,58
2018-02-19 22:00:00,1,1334,756,578
2018-02-19 22:00:00,2,6946,7344,-398
2018-02-19 23:00:00,1,4008,3780,228
2018-02-19 23:00:00,2,0,36,-36
2018-02-20 00:00:00,1,3708,3780,-72
2018-02-20 00:00:00,2,514,108,406
2018-02-20 01:00:00,1,1263,1152,111
2018-02-20 01:00:00,2,10168,9936,232
2018-02-20 02:00:00,1,2576,2376,200
2018-02-20 02:00:00,2,10368,10368,0
2018-02-20 03:00:00,1,5728,5508,220
2018-02-20 03:00:00,2,9131,8910,221
2018-02-20 04:00:00,1,7480,7074,406
2018-02-20 04:00:00,2,2010,1836,174
2018-02-20 05:00:00,1,3174,3582,-408
2018-02-20 05:00:00,2,8350,8208,142
2018-02-20 06:00:00,1,6330,5778,552
2018-02-20 06:00:00,2,9980,9882,98
2018-02-20 07:00:00,1,9744,9612,132
2018-02-20 07:00:00,2,9747,9612,135
2018-02-20 08:00:00,1,9544,9396,148
2018-02-20 08:00:00,2,9880,9828,52
2018-02-20 09:00:00,1,8600,8532,68
2018-02-20 09:00:00,2,8884,8748,136
2018-02-20 10:00:00,1,6127,5994,133
2018-02-20 10:00:00,2,7144,7020,124
2018-02-20 11:00:00,1,10212,10152,60
2018-02-20 11:00:00,2,6000,5940,60
2018-02-20 12:00:00,1,9032,8964,68
2018-02-20 12:00:00,2,7315,7236,79
2018-02-20 13:00:00,1,8876,8802,74
2018-02-20 13:00:00,2,10384,10476,-92
2018-02-20 14:00:00,1,4374,4788,-414
2018-02-20 14:00:00,2,8828,8802,26
2018-02-20 15:00:00,1,4185,3618,567
2018-02-20 15:00:00,2,7392,7128,264
2018-02-20 16:00:00,1,2691,2592,99
2018-02-20 16:00:00,2,7275,7398,-123
2018-02-20 17:00:00,1,0,306,-306
2018-02-20 17:00:00,2,268,216,52
2018-02-20 18:00:00,1,3054,2430,624
2018-02-20 18:00:00,2,6255,5994,261
2018-02-20 19:00:00,1,7573,7398,175
2018-02-20 19:00:00,2,9212,9126,86
2018-02-20 20:00:00,1,6028,5994,34
2018-02-20 20:00:00,2,7468,7398,70
2018-02-20 21:00:00,1,8167,7884,283
2018-02-20 21:00:00,2,5232,5346,-114
2018-02-20 22:00:00,1,1655,2196,-541
2018-02-20 22:00:00,2,6957,6804,153
2018-02-20 23:00:00,1,3326,2754,572
2018-02-20 23:00:00,2,8951,8856,95
2018-02-21 00:00:00,1,9348,9126,222
2018-02-21 00:00:00,2,9604,9558,46
2018-02-21 01:00:00,1,8976,8964,12
2018-02-21 01:00:00,2,9924,9882,42
2018-02-21 02:00:00,1,10076,9936,140
2018-02-21 02:00:00,2,8484,8586,-102
2018-02-21 03:00:00,1,9566,9396,170
2018-02-21 03:00:00,2,6860,6588,272
2018-02-21 04:00:00,1,8843,8856,-13
2018-02-21 04:00:00,2,2332,2376,-44
2018-02-21 05:00:00,1,9740,9504,236
2018-02-21 05:00:00,2,4824,4752,72
2018-02-21 06:00:00,1,8911,8802,109
2018-02-21 06:00:00,2,6064,5922,142
2018-02-21 07:00:00,1,2848,2934,-86
2018-02-21 08:00:00,1,9080,8802,278
2018-02-21 09:00:00,1,8196,8154,42
2018-02-21 10:00:00,1,9332,9180,152
2018-02-21 11:00:00,1,7872,7830,42
2018-02-21 12:00:00,1,9792,9666,126
2018-02-21 13:00:00,1,9512,9396,116
2018-02-21 14:00:00,1,9224,9288,-64
2018-02-21 14:00:00,2,164,54,110
2018-02-21 15:00:00,1,7554,7884,-330
2018-02-21 15:00:00,2,8224,8100,124
2018-02-21 16:00:00,1,42,0,42
2018-02-21 16:00:00,2,8336,8316,20
2018-02-21 17:00:00,1,7656,7074,582
2018-02-21 17:00:00,2,2515,2952,-437
2018-02-21 18:00:00,1,9132,9072,60
2018-02-21 18:00:00,2,2958,2376,582
2018-02-21 19:00:00,1,9576,9578,-2
2018-02-21 19:00:00,2,4587,4644,-57
2018-02-21 20:00:00,1,9608,9504,104
2018-02-21 20:00:00,2,6736,6534,202
2018-02-21 21:00:00,1,8952,8910,42
2018-02-21 21:00:00,2,9956,9774,182
2018-02-21 22:00:00,1,8788,8748,40
2018-02-21 22:00:00,2,10040,9882,158
2018-02-21 23:00:00,1,9683,9558,125
2018-02-21 23:00:00,2,9396,9288,108
2018-02-22 00:00:00,1,8964,8910,54
2018-02-22 00:00:00,2,9444,9450,-6
2018-02-22 01:00:00,1,8908,8856,52
2018-02-22 01:00:00,2,10080,9936,144
2018-02-22 02:00:00,1,8888,8910,-22
2018-02-22 02:00:00,2,10192,10044,148
2018-02-22 03:00:00,1,8222,8154,68
2018-02-22 03:00:00,2,9624,9666,-42
2018-02-22 04:00:00,1,8232,8046,186
2018-02-22 04:00:00,2,10176,10098,78
2018-02-22 05:00:00,1,8612,8640,-28
2018-02-22 05:00:00,2,10420,10422,-2
2018-02-22 06:00:00,1,8294,8208,86
2018-02-22 06:00:00,2,8828,8694,134
2018-02-22 07:00:00,1,9812,9774,38
2018-02-22 07:00:00,2,6840,6858,-18
2018-02-22 08:00:00,1,8980,8910,70
2018-02-22 08:00:00,2,6316,6156,160
2018-02-22 09:00:00,1,8068,8046,22
2018-02-22 09:00:00,2,6140,6048,92
2018-02-22 10:00:00,1,3988,3996,-8
2018-02-22 10:00:00,2,9646,9774,-128
2018-02-22 11:00:00,1,9592,9504,88
2018-02-22 11:00:00,2,8536,8532,4
2018-02-22 12:00:00,1,8876,8856,20
2018-02-22 12:00:00,2,7180,7020,160
2018-02-22 13:00:00,1,7108,7074,34
2018-02-22 13:00:00,2,10724,10584,140
2018-02-22 14:00:00,1,8968,8910,58
2018-02-22 14:00:00,2,9712,9558,154
2018-02-22 15:00:00,1,8119,8046,73
2018-02-22 15:00:00,2,9672,9666,6
2018-02-22 16:00:00,1,9148,9126,22
2018-02-22 16:00:00,2,10120,10044,76
2018-02-22 17:00:00,1,8420,8316,104
2018-02-22 17:00:00,2,8248,8262,-14
2018-02-22 18:00:00,1,9400,9396,4
2018-02-22 18:00:00,2,9564,9450,114
2018-02-22 19:00:00,1,7976,7938,38
2018-02-22 19:00:00,2,10060,10044,16
2018-02-22 20:00:00,1,8224,8154,70
2018-02-22 20:00:00,2,8388,8424,-36
2018-02-22 21:00:00,1,8056,8100,-44
2018-02-22 21:00:00,2,9040,8910,130
2018-02-22 22:00:00,1,7863,7722,141
2018-02-22 22:00:00,2,10628,10476,152
2018-02-22 23:00:00,1,6460,6426,34
2018-02-22 23:00:00,2,7852,7830,22
2018-02-23 00:00:00,1,8232,8154,78
2018-02-23 00:00:00,2,9052,8964,88
2018-02-23 01:00:00,1,8818,8802,16
2018-02-23 01:00:00,2,8944,8964,-20
2018-02-23 02:00:00,1,8860,8802,58
2018-02-23 02:00:00,2,5684,5598,86
2018-02-23 03:00:00,1,4326,4860,-534
2018-02-23 03:00:00,2,7420,7398,22
2018-02-23 04:00:00,1,1014,432,582
2018-02-23 04:00:00,2,10168,10044,124
2018-02-23 05:00:00,1,2232,2268,-36
2018-02-23 05:00:00,2,2786,3348,-562
2018-02-23 06:00:00,1,4572,4266,306
2018-02-23 06:00:00,2,8374,7776,598
2018-02-23 07:00:00,1,1772,1782,-10
2018-02-23 07:00:00,2,8712,8640,72
2018-02-23 08:00:00,1,158,576,-418
2018-02-23 08:00:00,2,9718,9774,-56
2018-02-23 09:00:00,1,5226,4644,582
2018-02-23 09:00:00,2,7514,7344,170
2018-02-23 10:00:00,2,6966,6966,0
2018-02-23 11:00:00,1,2616,2538,78
2018-02-23 11:00:00,2,5084,5130,-46
2018-02-23 12:00:00,1,2036,1998,38
2018-02-23 12:00:00,2,9914,9828,86
2018-02-23 13:00:00,1,2812,2808,4
2018-02-23 13:00:00,2,9806,9720,86
2018-02-23 14:00:00,1,6468,6372,96
2018-02-23 14:00:00,2,8968,8856,112
2018-02-23 15:00:00,1,8696,8802,-106
2018-02-23 15:00:00,2,10516,10422,94
2018-02-23 16:00:00,1,8476,8262,214
2018-02-23 16:00:00,2,9814,9990,-176
2018-02-23 17:00:00,1,8500,8478,22
2018-02-23 17:00:00,2,9656,9450,206
2018-02-23 18:00:00,1,6432,6372,60
2018-02-23 18:00:00,2,5682,5670,12
2018-02-23 19:00:00,1,9656,9720,-64
2018-02-23 19:00:00,2,9250,9072,178
2018-02-23 20:00:00,1,8824,8586,238
2018-02-23 20:00:00,2,9112,9126,-14
2018-02-23 21:00:00,1,8052,7956,96
2018-02-23 21:00:00,2,9560,9396,164
2018-02-23 22:00:00,1,9688,9612,76
2018-02-23 22:00:00,2,6656,6804,-148
2018-02-23 23:00:00,1,8843,8748,95
2018-02-23 23:00:00,2,9324,9018,306
2018-02-24 00:00:00,1,2957,3474,-517
2018-02-24 00:00:00,2,9768,9774,-6
2018-02-24 01:00:00,1,4826,4158,668
2018-02-24 01:00:00,2,5812,5670,142
2018-02-24 02:00:00,1,9048,8964,84
2018-02-24 03:00:00,1,7068,6966,102
2018-02-24 04:00:00,1,8020,8046,-26
2018-02-24 05:00:00,1,8312,8100,212
2018-02-24 06:00:00,1,7308,7290,18
2018-02-24 07:00:00,1,6093,5940,153
2018-02-24 08:00:00,1,8928,8856,72
2018-02-24 09:00:00,1,7024,6912,112
2018-02-24 10:00:00,1,4494,4932,-438
2018-02-24 11:00:00,1,6388,5778,610
2018-02-24 12:00:00,1,6904,6804,100
2018-02-24 12:00:00,2,328,72,256
2018-02-24 13:00:00,1,8784,8748,36
2018-02-24 13:00:00,2,3628,3924,-296
2018-02-24 14:00:00,1,9132,9126,6
2018-02-24 14:00:00,2,3861,3294,567
2018-02-24 15:00:00,1,672,1080,-408
2018-02-24 15:00:00,2,7783,7776,7
2018-02-24 16:00:00,2,10508,10422,86
2018-02-24 17:00:00,2,10124,10098,26
2018-02-24 18:00:00,2,9283,9234,49
2018-02-24 19:00:00,2,9720,9666,54
2018-02-24 20:00:00,2,10544,10422,122
2018-02-24 21:00:00,2,10128,10098,30
2018-02-24 22:00:00,1,1452,1026,426
2018-02-24 22:00:00,2,10276,10314,-38
2018-02-24 23:00:00,1,6727,6642,85
2018-02-24 23:00:00,2,8368,8262,106
2018-02-25 00:00:00,1,8360,8262,98
2018-02-25 00:00:00,2,10156,10098,58
2018-02-25 01:00:00,1,9172,9126,46
2018-02-25 01:00:00,2,10306,10260,46
2018-02-25 02:00:00,1,8816,8748,68
2018-02-25 02:00:00,2,10256,10206,50
2018-02-25 03:00:00,1,9380,9342,38
2018-02-25 03:00:00,2,10456,10422,34
2018-02-25 04:00:00,1,9340,9288,52
2018-02-25 04:00:00,2,10487,10422,65
2018-02-25 05:00:00,1,9588,9558,30
2018-02-25 05:00:00,2,9440,9342,98
2018-02-25 06:00:00,1,8832,8802,30
2018-02-25 06:00:00,2,10339,10368,-29
2018-02-25 07:00:00,1,9380,9288,92
2018-02-25 07:00:00,2,9516,9504,12
2018-02-25 08:00:00,1,9440,9396,44
2018-02-25 08:00:00,2,6760,6696,64
2018-02-25 09:00:00,1,9200,9126,74
2018-02-25 09:00:00,2,3392,3294,98
2018-02-25 10:00:00,1,9240,9288,-48
2018-02-25 10:00:00,2,9920,9936,-16
2018-02-25 11:00:00,1,6544,6642,-98
2018-02-25 11:00:00,2,9896,9828,68
2018-02-25 12:00:00,1,916,864,52
2018-02-25 12:00:00,2,10056,9990,66
2018-02-25 13:00:00,1,4004,3942,62
2018-02-25 13:00:00,2,9299,9180,119
2018-02-25 14:00:00,1,8443,8262,181
2018-02-25 14:00:00,2,9780,9774,6
2018-02-25 15:00:00,1,7014,6912,102
2018-02-25 15:00:00,2,9820,9828,-8
2018-02-25 16:00:00,1,8547,8640,-93
2018-02-25 16:00:00,2,8790,8748,42
2018-02-25 17:00:00,1,7232,7074,158
2018-02-25 17:00:00,2,10388,10314,74
2018-02-25 18:00:00,1,7252,7236,16
2018-02-25 18:00:00,2,10040,9936,104
2018-02-25 19:00:00,1,7920,7830,90
2018-02-25 19:00:00,2,9840,9774,66
2018-02-25 20:00:00,1,7388,7398,-10
2018-02-25 20:00:00,2,9820,9774,46
2018-02-25 21:00:00,1,7816,7722,94
2018-02-25 21:00:00,2,10587,10584,3
2018-02-25 22:00:00,1,8101,7992,109
2018-02-25 22:00:00,2,3526,4050,-524
2018-02-25 23:00:00,1,9212,9180,32
2018-02-25 23:00:00,2,5222,4698,524
2018-02-26 00:00:00,1,9008,8964,44
2018-02-26 00:00:00,2,10404,10368,36
2018-02-26 01:00:00,1,8455,8370,85
2018-02-26 01:00:00,2,9448,9342,106
2018-02-26 02:00:00,1,9544,9558,-14
2018-02-26 02:00:00,2,10500,10422,78
2018-02-26 03:00:00,1,9148,9288,-140
2018-02-26 03:00:00,2,10288,10206,82
2018-02-26 04:00:00,1,9268,9018,250
2018-02-26 04:00:00,2,10488,10476,12
2018-02-26 05:00:00,1,7434,7956,-522
2018-02-26 05:00:00,2,10236,10152,84
2018-02-26 06:00:00,2,8548,8478,70
2018-02-26 07:00:00,1,678,162,516
2018-02-26 07:00:00,2,9348,9396,-48
2018-02-26 08:00:00,1,7387,7236,151
2018-02-26 08:00:00,2,10472,10368,104
2018-02-26 09:00:00,1,8635,8532,103
2018-02-26 09:00:00,2,8616,8532,84
2018-02-26 10:00:00,1,7272,7236,36
2018-02-26 10:00:00,2,9916,9882,34
2018-02-26 11:00:00,1,8987,8964,23
2018-02-26 11:00:00,2,8531,8424,107
2018-02-26 12:00:00,1,7176,7074,102
2018-02-26 12:00:00,2,7588,7830,-242
2018-02-26 13:00:00,1,7580,7506,74
2018-02-26 13:00:00,2,10388,10206,182
2018-02-26 14:00:00,1,9592,9504,88
2018-02-26 14:00:00,2,7234,7128,106
2018-02-26 15:00:00,1,9796,9774,22
2018-02-26 15:00:00,2,10488,10368,120
2018-02-26 16:00:00,1,9572,9504,68
2018-02-26 16:00:00,2,9612,9612,0
2018-02-26 17:00:00,1,9568,9504,64
2018-02-26 17:00:00,2,9444,9342,102
2018-02-26 18:00:00,1,8784,8748,36
2018-02-26 18:00:00,2,9448,9396,52
2018-02-26 19:00:00,1,8762,8640,122
2018-02-26 19:00:00,2,5540,5724,-184
2018-02-26 20:00:00,1,9467,9450,17
2018-02-26 20:00:00,2,4938,4644,294
2018-02-26 21:00:00,1,9092,9126,-34
2018-02-26 21:00:00,2,10588,10584,4
2018-02-26 22:00:00,1,8608,8532,76
2018-02-26 22:00:00,2,9200,9180,20
2018-02-26 23:00:00,1,3130,3564,-434
2018-02-26 23:00:00,2,10498,10584,-86
2018-02-27 00:00:00,1,8778,8154,624
2018-02-27 00:00:00,2,9044,8748,296
2018-02-27 01:00:00,1,9172,9126,46
2018-02-27 01:00:00,2,1828,1980,-152
2018-02-27 02:00:00,1,9420,9450,-30
2018-02-27 02:00:00,2,10136,9882,254
2018-02-27 03:00:00,1,8960,8802,158
2018-02-27 03:00:00,2,9791,9720,71
2018-02-27 04:00:00,1,9384,9396,-12
2018-02-27 04:00:00,2,10515,10530,-15
2018-02-27 05:00:00,1,1180,1134,46
2018-02-27 05:00:00,2,10458,10314,144
2018-02-27 06:00:00,1,3052,3186,-134
2018-02-27 06:00:00,2,8740,8748,-8
2018-02-27 07:00:00,2,9568,9504,64
2018-02-27 08:00:00,2,9654,9612,42
2018-02-27 09:00:00,2,8273,8208,65
2018-02-27 10:00:00,2,9383,9342,41
2018-02-27 11:00:00,2,9471,9396,75
2018-02-27 12:00:00,2,8992,8964,28
2018-02-27 13:00:00,2,10340,10260,80
2018-02-27 14:00:00,2,9664,9558,106
2018-02-27 15:00:00,2,10618,10638,-20
2018-02-27 16:00:00,1,804,702,102
2018-02-27 16:00:00,2,10242,10206,36
2018-02-27 17:00:00,1,8796,8802,-6
2018-02-27 17:00:00,2,10424,10314,110
2018-02-27 18:00:00,1,5048,4968,80
2018-02-27 18:00:00,2,10158,10152,6
2018-02-27 19:00:00,1,6848,6858,-10
2018-02-27 19:00:00,2,10548,10530,18
2018-02-27 20:00:00,1,8514,8478,36
2018-02-27 20:00:00,2,8390,8370,20
2018-02-27 21:00:00,1,6768,6642,126
2018-02-27 21:00:00,2,8910,8802,108
2018-02-27 22:00:00,1,8187,8046,141
2018-02-27 22:00:00,2,8838,8856,-18
2018-02-27 23:00:00,1,9475,9450,25
2018-02-27 23:00:00,2,9520,9396,124
2018-02-28 00:00:00,1,9564,9504,60
2018-02-28 00:00:00,2,8524,8316,208
2018-02-28 01:00:00,1,8620,8586,34
2018-02-28 01:00:00,2,9300,9396,-96
2018-02-28 02:00:00,1,9336,9288,48
2018-02-28 02:00:00,2,5434,5976,-542
2018-02-28 03:00:00,1,8780,8748,32
2018-02-28 03:00:00,2,7638,7020,618
2018-02-28 04:00:00,1,7596,7506,90
2018-02-28 04:00:00,2,8876,8856,20
2018-02-28 05:00:00,1,6752,6696,56
2018-02-28 05:00:00,2,9956,9936,20
2018-02-28 06:00:00,1,9284,9234,50
2018-02-28 06:00:00,2,9384,9342,42
2018-02-28 07:00:00,1,8156,8100,56
2018-02-28 07:00:00,2,9508,9450,58
2018-02-28 08:00:00,1,9560,9504,56
2018-02-28 08:00:00,2,9715,9720,-5
2018-02-28 09:00:00,1,9404,9288,116
2018-02-28 09:00:00,2,4284,4158,126
2018-02-28 10:00:00,1,7479,7452,27
2018-02-28 10:00:00,2,9067,8964,103
2018-02-28 11:00:00,1,10164,10044,120
2018-02-28 11:00:00,2,4568,4590,-22
2018-02-28 12:00:00,1,8816,8802,14
2018-02-28 12:00:00,2,5248,5022,226
2018-02-28 13:00:00,1,8144,8046,98
2018-02-28 13:00:00,2,8312,8316,-4
2018-02-28 14:00:00,1,9912,9882,30
2018-02-28 14:00:00,2,8176,8208,-32
2018-02-28 15:00:00,1,9464,9342,122
2018-02-28 15:00:00,2,9247,9126,121
2018-02-28 16:00:00,1,9148,9234,-86
2018-02-28 16:00:00,2,9856,9774,82
2018-02-28 17:00:00,1,9060,8910,150
2018-02-28 17:00:00,2,10112,10098,14
2018-02-28 18:00:00,1,8606,8640,-34
2018-02-28 18:00:00,2,9488,9396,92
2018-02-28 19:00:00,1,3516,3564,-48
2018-02-28 19:00:00,2,9996,9990,6
2018-02-28 20:00:00,2,9200,9234,-34
2018-02-28 21:00:00,2,10532,10314,218
2018-02-28 22:00:00,2,5794,5994,-200
2018-03-01 06:00:00,1,3068,2808,260
2018-03-01 06:00:00,2,2948,2808,140
2018-03-01 07:00:00,1,5257,5400,-143
2018-03-01 07:00:00,2,9428,9342,86
2018-03-01 08:00:00,1,0,126,-126
2018-03-01 08:00:00,2,8196,8154,42
2018-03-01 09:00:00,1,5814,5292,522
2018-03-01 09:00:00,2,9684,9666,18
2018-03-01 10:00:00,1,9707,9504,203
2018-03-01 10:00:00,2,8772,8802,-30
2018-03-01 11:00:00,1,9620,9612,8
2018-03-01 11:00:00,2,9972,9774,198
2018-03-01 12:00:00,1,10071,10044,27
2018-03-01 12:00:00,2,9624,9666,-42
2018-03-01 13:00:00,1,8324,8190,134
2018-03-01 13:00:00,2,9198,9072,126
2018-03-01 14:00:00,1,3930,4428,-498
2018-03-01 14:00:00,2,9680,9558,122
2018-03-01 15:00:00,2,9720,9666,54
2018-03-01 16:00:00,2,10412,10422,-10
2018-03-01 17:00:00,2,9111,8964,147
2018-03-01 18:00:00,2,9751,9828,-77
2018-03-01 19:00:00,2,8944,8802,142
2018-03-01 20:00:00,2,5322,5886,-564
