DateTime_Out,Line,Feed,OutputGood,Scrap
2018-01-02 08:00:00,3,870,216,654
2018-01-02 08:00:00,4,1262,540,722
2018-01-02 09:00:00,3,9840,9720,120
2018-01-02 09:00:00,4,3210,3618,-408
2018-01-02 10:00:00,3,10412,10260,152
2018-01-02 10:00:00,4,3706,3078,628
2018-01-02 11:00:00,3,9756,9666,90
2018-01-02 11:00:00,4,10072,9882,190
2018-01-02 12:00:00,3,10440,10368,72
2018-01-02 12:00:00,4,10364,10044,320
2018-01-02 13:00:00,3,9208,9018,190
2018-01-02 13:00:00,4,9588,9342,246
2018-01-02 14:00:00,3,3278,3780,-502
2018-01-02 14:00:00,4,10124,9828,296
2018-01-02 15:00:00,3,6670,5994,676
2018-01-02 15:00:00,4,10164,9828,336
2018-01-02 16:00:00,3,9840,9720,120
2018-01-02 16:00:00,4,10412,10098,314
2018-01-02 17:00:00,3,9889,9774,115
2018-01-02 17:00:00,4,9637,9470,167
2018-01-02 18:00:00,3,9642,9666,-24
2018-01-02 18:00:00,4,10452,10260,192
2018-01-02 19:00:00,3,9876,9720,156
2018-01-02 19:00:00,4,10216,10152,64
2018-01-02 20:00:00,3,10288,10206,82
2018-01-02 20:00:00,4,10616,10530,86
2018-01-02 21:00:00,3,10577,10442,135
2018-01-02 21:00:00,4,10691,10476,215
2018-01-02 22:00:00,3,9996,9882,114
2018-01-02 22:00:00,4,10148,10152,-4
2018-01-02 23:00:00,3,8316,8208,108
2018-01-02 23:00:00,4,7688,7560,128
2018-01-03 00:00:00,3,10152,10044,108
2018-01-03 00:00:00,4,10112,10192,-80
2018-01-03 01:00:00,3,9908,9828,80
2018-01-03 01:00:00,4,6776,6588,188
2018-01-03 02:00:00,3,10072,9936,136
2018-01-03 02:00:00,4,10568,10422,146
2018-01-03 03:00:00,3,9928,9882,46
2018-01-03 03:00:00,4,10712,10638,74
2018-01-03 04:00:00,3,10185,10030,155
2018-01-03 04:00:00,4,10728,10638,90
2018-01-03 05:00:00,3,10264,10152,112
2018-01-03 05:00:00,4,10344,10260,84
2018-01-03 06:00:00,3,10492,10422,70
2018-01-03 06:00:00,4,9592,9456,136
2018-01-03 07:00:00,3,8926,8748,178
2018-01-03 07:00:00,4,8936,8802,134
2018-01-03 08:00:00,3,10300,10260,40
2018-01-03 08:00:00,4,9876,9774,102
2018-01-03 09:00:00,3,10619,10530,89
2018-01-03 09:00:00,4,10555,10530,25
2018-01-03 10:00:00,3,10564,10368,196
2018-01-03 10:00:00,4,10432,10314,118
2018-01-03 11:00:00,3,9424,9348,76
2018-01-03 11:00:00,4,10620,10584,36
2018-01-03 12:00:00,3,9964,9882,82
2018-01-03 12:00:00,4,9543,9288,255
2018-01-03 13:00:00,3,10628,10476,152
2018-01-03 13:00:00,4,1186,1674,-488
2018-01-03 14:00:00,3,10222,10044,178
2018-01-03 15:00:00,3,9836,9774,62
2018-01-03 16:00:00,3,9957,9936,21
2018-01-03 16:00:00,4,1698,1026,672
2018-01-03 17:00:00,3,10185,10016,169
2018-01-03 17:00:00,4,9610,9558,52
2018-01-03 18:00:00,3,10442,10422,20
2018-01-03 18:00:00,4,6552,6318,234
2018-01-03 19:00:00,3,10255,10098,157
2018-01-03 19:00:00,4,10371,10314,57
2018-01-03 20:00:00,3,9926,9828,98
2018-01-03 20:00:00,4,10291,10098,193
2018-01-03 21:00:00,3,9629,9612,17
2018-01-03 21:00:00,4,10780,10692,88
2018-01-03 22:00:00,3,10231,10044,187
2018-01-03 22:00:00,4,10724,10638,86
2018-01-03 23:00:00,3,9932,9936,-4
2018-01-03 23:00:00,4,10506,10388,118
2018-01-04 00:00:00,3,10133,9982,151
2018-01-04 00:00:00,4,10280,10098,182
2018-01-04 01:00:00,3,10196,10152,44
2018-01-04 01:00:00,4,9888,9828,60
2018-01-04 02:00:00,3,10328,10206,122
2018-01-04 02:00:00,4,10716,10584,132
2018-01-04 03:00:00,3,10228,10152,76
2018-01-04 03:00:00,4,9872,9666,206
2018-01-04 04:00:00,3,9840,9774,66
2018-01-04 04:00:00,4,5444,5400,44
2018-01-04 05:00:00,3,9624,9450,174
2018-01-04 06:00:00,3,9461,9450,11
2018-01-04 06:00:00,4,112,0,112
2018-01-04 07:00:00,3,9516,9516,0
2018-01-04 07:00:00,4,12,216,-204
2018-01-04 08:00:00,3,10211,9990,221
2018-01-04 08:00:00,4,4304,4158,146
2018-01-04 09:00:00,3,10184,10044,140
2018-01-04 09:00:00,4,9344,9234,110
2018-01-04 10:00:00,3,10544,10530,14
2018-01-04 10:00:00,4,10158,10084,74
2018-01-04 11:00:00,3,5004,5022,-18
2018-01-04 11:00:00,4,7643,7506,137
2018-01-04 12:00:00,3,332,162,170
2018-01-04 12:00:00,4,3812,3780,32
2018-01-04 13:00:00,3,9432,9396,36
2018-01-04 13:00:00,4,10072,9990,82
2018-01-04 14:00:00,3,10304,10206,98
2018-01-04 14:00:00,4,882,1296,-414
2018-01-04 15:00:00,3,10339,10184,155
2018-01-04 15:00:00,4,366,0,366
2018-01-04 16:00:00,3,4105,4590,-485
2018-01-04 16:00:00,4,4830,2646,2184
2018-01-04 17:00:00,3,7178,6534,644
2018-01-04 17:00:00,4,5242,5400,-158
2018-01-04 18:00:00,3,9516,9450,66
2018-01-04 19:00:00,3,9740,9612,128
2018-01-04 20:00:00,3,9312,9288,24
2018-01-04 20:00:00,4,9091,8424,667
2018-01-04 21:00:00,3,10664,10530,134
2018-01-04 21:00:00,4,10665,10530,135
2018-01-04 22:00:00,3,7996,7884,112
2018-01-04 22:00:00,4,7544,7506,38
2018-01-04 23:00:00,3,10580,10476,104
2018-01-04 23:00:00,4,10530,10368,162
2018-01-05 00:00:00,3,9964,9902,62
2018-01-05 00:00:00,4,9687,9558,129
2018-01-05 01:00:00,3,10228,10098,130
2018-01-05 01:00:00,4,9844,9720,124
2018-01-05 02:00:00,3,10060,9990,70
2018-01-05 02:00:00,4,10011,9956,55
2018-01-05 03:00:00,3,8236,8154,82
2018-01-05 03:00:00,4,9892,9882,10
2018-01-05 04:00:00,3,10008,9882,126
2018-01-05 04:00:00,4,10283,10044,239
2018-01-05 05:00:00,3,9826,9774,52
2018-01-05 05:00:00,4,9400,9234,166
2018-01-05 06:00:00,3,9946,9922,24
2018-01-05 06:00:00,4,9849,9774,75
2018-01-05 07:00:00,3,10723,10530,193
2018-01-05 07:00:00,4,9851,9774,77
2018-01-05 08:00:00,3,24352,22341,2011
2018-01-05 08:00:00,4,10004,9882,122
2018-01-05 09:00:00,3,10140,10044,96
2018-01-05 09:00:00,4,9648,9544,104
2018-01-05 10:00:00,3,9800,9720,80
2018-01-05 10:00:00,4,8604,8586,18
2018-01-05 11:00:00,3,10404,10368,36
2018-01-05 11:00:00,4,8511,8370,141
2018-01-05 12:00:00,3,10352,10206,146
2018-01-05 12:00:00,4,9420,9342,78
2018-01-05 13:00:00,3,9833,9726,107
2018-01-05 13:00:00,4,5082,5436,-354
2018-01-05 14:00:00,3,9862,9720,142
2018-01-05 14:00:00,4,4141,3510,631
2018-01-05 15:00:00,3,9180,9126,54
2018-01-05 15:00:00,4,9372,9234,138
2018-01-05 16:00:00,3,9856,9666,190
2018-01-05 16:00:00,4,6128,6210,-82
2018-01-05 17:00:00,3,8860,8532,328
2018-01-05 17:00:00,4,9638,9450,188
2018-01-05 18:00:00,3,10312,10260,52
2018-01-05 18:00:00,4,8304,8154,150
2018-01-05 19:00:00,3,9595,9558,37
2018-01-05 19:00:00,4,10040,9936,104
2018-01-05 20:00:00,3,9336,9098,238
2018-01-05 20:00:00,4,10492,10476,16
2018-01-05 21:00:00,3,8552,8532,20
2018-01-05 21:00:00,4,9831,9632,199
2018-01-05 22:00:00,3,3420,3402,18
2018-01-05 22:00:00,4,9328,9342,-14
2018-01-05 23:00:00,3,8244,8154,90
2018-01-05 23:00:00,4,10520,10314,206
2018-01-06 00:00:00,3,3790,4212,-422
2018-01-06 00:00:00,4,6140,6102,38
2018-01-06 01:00:00,3,5088,4428,660
2018-01-06 01:00:00,4,9616,9612,4
2018-01-06 02:00:00,3,9968,9882,86
2018-01-06 02:00:00,4,8104,8100,4
2018-01-06 03:00:00,3,9188,9126,62
2018-01-06 03:00:00,4,9578,9396,182
2018-01-06 04:00:00,3,10212,10098,114
2018-01-06 04:00:00,4,10075,10138,-63
2018-01-06 05:00:00,3,9608,9504,104
2018-01-06 05:00:00,4,9928,9720,208
2018-01-06 06:00:00,3,10092,10098,-6
2018-01-06 06:00:00,4,9356,9288,68
2018-01-06 07:00:00,3,10228,9990,238
2018-01-06 07:00:00,4,10600,10530,70
2018-01-06 08:00:00,3,9420,9308,112
2018-01-06 08:00:00,4,10683,10584,99
2018-01-06 09:00:00,3,10316,10152,164
2018-01-06 09:00:00,4,10728,10854,-126
2018-01-06 10:00:00,3,8588,8478,110
2018-01-06 10:00:00,4,10778,10530,248
2018-01-06 11:00:00,3,9828,9720,108
2018-01-06 11:00:00,4,10836,10698,138
2018-01-06 12:00:00,3,9205,9288,-83
2018-01-06 12:00:00,4,10568,10584,-16
2018-01-06 13:00:00,3,786,486,300
2018-01-06 13:00:00,4,10580,10422,158
2018-01-06 14:00:00,3,10080,9828,252
2018-01-06 14:00:00,4,10376,10314,62
2018-01-06 15:00:00,3,10294,9990,304
2018-01-06 15:00:00,4,9984,9936,48
2018-01-06 16:00:00,3,3194,3510,-316
2018-01-06 16:00:00,4,10844,10800,44
2018-01-06 17:00:00,3,5446,4806,640
2018-01-06 17:00:00,4,9814,9638,176
2018-01-06 18:00:00,3,9732,9666,66
2018-01-06 18:00:00,4,10479,10476,3
2018-01-06 19:00:00,3,10412,10314,98
2018-01-06 19:00:00,4,9860,9774,86
2018-01-06 20:00:00,3,10376,10314,62
2018-01-06 20:00:00,4,10252,10206,46
2018-01-06 21:00:00,3,10500,10368,132
2018-01-06 21:00:00,4,10368,10260,108
2018-01-06 22:00:00,3,10236,10152,84
2018-01-06 22:00:00,4,10132,10044,88
2018-01-06 23:00:00,3,10362,10280,82
2018-01-06 23:00:00,4,10423,10360,63
2018-01-07 00:00:00,3,7500,7398,102
2018-01-07 00:00:00,4,7518,7452,66
2018-01-07 01:00:00,3,10235,10152,83
2018-01-07 01:00:00,4,10281,10098,183
2018-01-07 02:00:00,3,10408,10368,40
2018-01-07 02:00:00,4,10539,10530,9
2018-01-07 03:00:00,3,10120,9990,130
2018-01-07 03:00:00,4,9811,9666,145
2018-01-07 04:00:00,3,10352,10260,92
2018-01-07 04:00:00,4,10379,10260,119
2018-01-07 05:00:00,3,10256,10260,-4
2018-01-07 05:00:00,4,10488,10314,174
2018-01-07 06:00:00,3,9793,9652,141
2018-01-07 06:00:00,4,10604,10488,116
2018-01-07 07:00:00,3,8840,8748,92
2018-01-07 07:00:00,4,10552,10476,76
2018-01-07 08:00:00,3,10516,10476,40
2018-01-07 08:00:00,4,9952,9774,178
2018-01-07 09:00:00,3,10552,10476,76
2018-01-07 09:00:00,4,10360,10260,100
2018-01-07 10:00:00,3,10456,10314,142
2018-01-07 10:00:00,4,9912,9774,138
2018-01-07 11:00:00,3,9672,9612,60
2018-01-07 11:00:00,4,10427,10152,275
2018-01-07 12:00:00,3,10469,10428,41
2018-01-07 12:00:00,4,9153,8942,211
2018-01-07 13:00:00,3,10096,9936,160
2018-01-07 13:00:00,4,9556,9882,-326
2018-01-07 14:00:00,3,10384,10314,70
2018-01-07 15:00:00,3,10280,10206,74
2018-01-07 16:00:00,3,10284,10314,-30
2018-01-07 17:00:00,3,9420,9342,78
2018-01-07 18:00:00,3,9436,9234,202
2018-01-07 19:00:00,3,10129,10016,113
2018-01-07 20:00:00,3,10108,9990,118
2018-01-07 21:00:00,3,9364,9342,22
2018-01-07 22:00:00,3,9496,9450,46
2018-01-07 23:00:00,3,9856,9666,190
2018-01-08 00:00:00,3,10032,9882,150
2018-01-08 01:00:00,3,10157,10098,59
2018-01-08 01:00:00,4,4293,3672,621
2018-01-08 02:00:00,3,10164,10036,128
2018-01-08 02:00:00,4,7106,6804,302
2018-01-08 03:00:00,3,10748,10584,164
2018-01-08 03:00:00,4,9143,8964,179
2018-01-08 04:00:00,3,10232,10260,-28
2018-01-08 04:00:00,4,8438,8262,176
2018-01-08 05:00:00,3,10400,10260,140
2018-01-08 05:00:00,4,10299,10152,147
2018-01-08 06:00:00,3,10432,10368,64
2018-01-08 06:00:00,4,9292,9126,166
2018-01-08 07:00:00,3,10460,10314,146
2018-01-08 07:00:00,4,9686,9558,128
2018-01-08 08:00:00,3,10477,10380,97
2018-01-08 08:00:00,4,9349,9146,203
2018-01-08 09:00:00,3,10812,10692,120
2018-01-08 09:00:00,4,9236,9018,218
2018-01-08 10:00:00,3,10748,10692,56
2018-01-08 10:00:00,4,8132,8046,86
2018-01-08 11:00:00,3,5930,6318,-388
2018-01-08 11:00:00,4,9816,9666,150
2018-01-08 12:00:00,3,6201,5454,747
2018-01-08 12:00:00,4,9536,9342,194
2018-01-08 13:00:00,3,9876,9720,156
2018-01-08 13:00:00,4,4388,4266,122
2018-01-08 14:00:00,3,10496,10368,128
2018-01-08 14:00:00,4,10532,10260,272
2018-01-08 15:00:00,3,10508,10476,32
2018-01-08 15:00:00,4,9672,9612,60
2018-01-08 16:00:00,3,10258,10152,106
2018-01-08 16:00:00,4,10323,10084,239
2018-01-08 17:00:00,3,10676,10530,146
2018-01-08 17:00:00,4,10012,9882,130
2018-01-08 18:00:00,3,9917,9902,15
2018-01-08 18:00:00,4,9992,9828,164
2018-01-08 19:00:00,3,10064,9936,128
2018-01-08 19:00:00,4,8156,7992,164
2018-01-08 20:00:00,3,10120,9990,130
2018-01-08 20:00:00,4,9996,9882,114
2018-01-08 21:00:00,3,10648,10584,64
2018-01-08 21:00:00,4,8486,8316,170
2018-01-08 22:00:00,3,10084,9990,94
2018-01-08 22:00:00,4,9676,9612,64
2018-01-08 23:00:00,3,8356,8316,40
2018-01-08 23:00:00,4,10897,10644,253
2018-01-09 00:00:00,3,7656,7668,-12
2018-01-09 00:00:00,4,10504,10314,190
2018-01-09 01:00:00,3,10205,9976,229
2018-01-09 01:00:00,4,2472,2592,-120
2018-01-09 02:00:00,3,10124,10098,26
2018-01-09 02:00:00,4,10508,10044,464
2018-01-09 03:00:00,3,5400,5346,54
2018-01-09 03:00:00,4,8736,8640,96
2018-01-09 04:00:00,3,6100,6048,52
2018-01-09 04:00:00,4,9488,9288,200
2018-01-09 05:00:00,3,10592,10530,62
2018-01-09 05:00:00,4,8656,8478,178
2018-01-09 06:00:00,3,10536,10476,60
2018-01-09 06:00:00,4,10384,10260,124
2018-01-09 07:00:00,3,9932,9828,104
2018-01-09 07:00:00,4,9700,9450,250
2018-01-09 08:00:00,3,9909,9720,189
2018-01-09 08:00:00,4,9542,9416,126
2018-01-09 09:00:00,3,9188,9024,164
2018-01-09 09:00:00,4,8936,8910,26
2018-01-09 10:00:00,3,9712,9612,100
2018-01-09 10:00:00,4,10312,10044,268
2018-01-09 11:00:00,3,9852,9666,186
2018-01-09 11:00:00,4,10412,10260,152
2018-01-09 12:00:00,3,10116,10044,72
2018-01-09 12:00:00,4,8808,8640,168
2018-01-09 13:00:00,3,10108,10044,64
2018-01-09 13:00:00,4,9772,9666,106
2018-01-09 14:00:00,3,9916,9828,88
2018-01-09 14:00:00,4,9772,9774,-2
2018-01-09 15:00:00,3,10365,10178,187
2018-01-09 15:00:00,4,8714,8356,358
2018-01-09 16:00:00,3,9640,9558,82
2018-01-09 16:00:00,4,9708,9558,150
2018-01-09 17:00:00,3,9476,9396,80
2018-01-09 17:00:00,4,9948,9666,282
2018-01-09 18:00:00,3,9124,8964,160
2018-01-09 18:00:00,4,9248,9072,176
2018-01-09 19:00:00,3,9788,9558,230
2018-01-09 19:00:00,4,10076,9990,86
2018-01-09 20:00:00,3,9004,8802,202
2018-01-09 20:00:00,4,10664,10476,188
2018-01-09 21:00:00,3,9764,9666,98
2018-01-09 21:00:00,4,9860,9774,86
2018-01-09 22:00:00,3,10469,10252,217
2018-01-09 22:00:00,4,9618,9402,216
2018-01-09 23:00:00,3,10272,10044,228
2018-01-09 23:00:00,4,10800,10692,108
2018-01-10 00:00:00,3,10200,10044,156
2018-01-10 00:00:00,4,10628,10530,98
2018-01-10 01:00:00,3,10140,10098,42
2018-01-10 01:00:00,4,10276,10152,124
2018-01-10 02:00:00,3,9172,8910,262
2018-01-10 02:00:00,4,10376,10206,170
2018-01-10 03:00:00,3,10028,9828,200
2018-01-10 03:00:00,4,10656,10476,180
2018-01-10 04:00:00,3,9717,9666,51
2018-01-10 04:00:00,4,10662,10530,132
2018-01-10 05:00:00,3,9656,9516,140
2018-01-10 05:00:00,4,10396,10232,164
2018-01-10 06:00:00,3,10948,10800,148
2018-01-10 06:00:00,4,9496,9342,154
2018-01-10 07:00:00,3,10284,10098,186
2018-01-10 07:00:00,4,10528,10422,106
2018-01-10 08:00:00,3,9724,9612,112
2018-01-10 08:00:00,4,9852,9558,294
2018-01-10 09:00:00,3,9264,9180,84
2018-01-10 09:00:00,4,1958,2430,-472
2018-01-10 10:00:00,3,9708,9558,150
2018-01-10 10:00:00,4,3734,3024,710
2018-01-10 11:00:00,3,8265,8100,165
2018-01-10 11:00:00,4,10760,10530,230
2018-01-10 12:00:00,3,9627,9320,307
2018-01-10 12:00:00,4,10188,10044,144
2018-01-10 13:00:00,3,1198,1674,-476
2018-01-10 13:00:00,4,10304,10152,152
2018-01-10 14:00:00,3,1282,594,688
2018-01-10 14:00:00,4,8356,8262,94
2018-01-10 15:00:00,3,9900,9882,18
2018-01-10 15:00:00,4,9900,9828,72
2018-01-10 16:00:00,3,6192,6102,90
2018-01-10 16:00:00,4,10208,10098,110
2018-01-10 17:00:00,3,4840,4698,142
2018-01-10 17:00:00,4,10406,10280,126
2018-01-10 18:00:00,3,8804,8640,164
2018-01-10 18:00:00,4,8824,8694,130
2018-01-10 19:00:00,3,9372,9288,84
2018-01-10 19:00:00,4,9816,9612,204
2018-01-10 20:00:00,3,10612,10422,190
2018-01-10 20:00:00,4,9542,9396,146
2018-01-10 21:00:00,3,10348,10152,196
2018-01-10 21:00:00,4,9208,9126,82
2018-01-10 22:00:00,3,9914,9686,228
2018-01-10 22:00:00,4,9276,9072,204
2018-01-10 23:00:00,3,9456,9342,114
2018-01-10 23:00:00,4,9924,9720,204
2018-01-11 00:00:00,3,9596,9396,200
2018-01-11 00:00:00,4,9916,9760,156
2018-01-11 01:00:00,3,10736,10530,206
2018-01-11 01:00:00,4,9028,8856,172
2018-01-11 02:00:00,3,10376,10260,116
2018-01-11 02:00:00,4,9772,9612,160
2018-01-11 03:00:00,3,10360,10206,154
2018-01-11 03:00:00,4,10568,10476,92
2018-01-11 04:00:00,3,10094,9990,104
2018-01-11 04:00:00,4,8916,8748,168
2018-01-11 05:00:00,3,10280,10138,142
2018-01-11 05:00:00,4,9464,9342,122
2018-01-11 06:00:00,3,10212,10152,60
2018-01-11 06:00:00,4,8548,8424,124
2018-01-11 07:00:00,3,9984,9720,264
2018-01-11 07:00:00,4,8652,8538,114
2018-01-11 08:00:00,3,9544,9396,148
2018-01-11 08:00:00,4,9840,9666,174
2018-01-11 09:00:00,3,8852,8802,50
2018-01-11 09:00:00,4,9820,9720,100
2018-01-11 10:00:00,3,10592,10530,62
2018-01-11 10:00:00,4,9656,9396,260
2018-01-11 11:00:00,3,10318,10104,214
2018-01-11 11:00:00,4,10208,10098,110
2018-01-11 12:00:00,3,10604,10584,20
2018-01-11 12:00:00,4,6716,6804,-88
2018-01-11 13:00:00,3,10200,10044,156
2018-01-11 13:00:00,4,6332,5778,554
2018-01-11 14:00:00,3,8364,8262,102
2018-01-11 14:00:00,4,9484,9314,170
2018-01-11 15:00:00,3,8320,8262,58
2018-01-11 15:00:00,4,9740,9612,128
2018-01-11 16:00:00,3,10468,10368,100
2018-01-11 16:00:00,4,9012,8802,210
2018-01-11 17:00:00,3,10184,10098,86
2018-01-11 17:00:00,4,9680,9612,68
2018-01-11 18:00:00,3,10014,9908,106
2018-01-11 18:00:00,4,7492,7290,202
2018-01-11 19:00:00,3,10464,10314,150
2018-01-11 19:00:00,4,9296,9072,224
2018-01-11 20:00:00,3,10504,10476,28
2018-01-11 20:00:00,4,2240,2052,188
2018-01-11 21:00:00,3,10124,10044,80
2018-01-11 21:00:00,4,10572,10368,204
2018-01-11 22:00:00,3,10220,10206,14
2018-01-11 22:00:00,4,9548,9450,98
2018-01-11 23:00:00,3,10088,9936,152
2018-01-11 23:00:00,4,10280,10098,182
2018-01-12 00:00:00,3,10518,10476,42
2018-01-12 00:00:00,4,10512,10368,144
2018-01-12 01:00:00,3,10712,10576,136
2018-01-12 01:00:00,4,10192,10044,148
2018-01-12 02:00:00,3,10504,10422,82
2018-01-12 02:00:00,4,10268,10098,170
2018-01-12 03:00:00,3,10396,10314,82
2018-01-12 03:00:00,4,9074,8822,252
2018-01-12 04:00:00,3,10428,10368,60
2018-01-12 04:00:00,4,8856,8640,216
2018-01-12 05:00:00,3,10664,10638,26
2018-01-12 05:00:00,4,9652,9396,256
2018-01-12 06:00:00,3,10778,10584,194
2018-01-12 06:00:00,4,10448,10206,242
2018-01-12 07:00:00,3,10204,10164,40
2018-01-12 07:00:00,4,9988,9828,160
2018-01-12 08:00:00,3,9836,9774,62
2018-01-12 08:00:00,4,9288,9180,108
2018-01-12 09:00:00,3,10260,10152,108
2018-01-12 09:00:00,4,10344,10260,84
2018-01-12 10:00:00,3,10080,10044,36
2018-01-12 10:00:00,4,8482,8302,180
2018-01-12 11:00:00,3,9620,9558,62
2018-01-12 11:00:00,4,68,162,-94
2018-01-12 12:00:00,3,10284,10260,24
2018-01-12 12:00:00,4,1752,1512,240
2018-01-12 13:00:00,3,10102,9968,134
2018-01-12 13:00:00,4,784,1978,-1194
2018-01-12 14:00:00,3,10184,10152,32
2018-01-12 14:00:00,4,8675,8640,35
2018-01-12 15:00:00,3,4674,5076,-402
2018-01-12 15:00:00,4,10636,10476,160
2018-01-12 16:00:00,4,10684,10530,154
2018-01-12 17:00:00,4,2676,3024,-348
2018-01-12 18:00:00,4,1433,918,515
2018-01-12 19:00:00,3,4073,3456,617
2018-01-12 19:00:00,4,9744,9666,78
2018-01-12 20:00:00,3,10148,9990,158
2018-01-12 20:00:00,4,9960,9882,78
2018-01-12 21:00:00,3,10640,10638,2
2018-01-12 21:00:00,4,4990,5244,-254
2018-01-12 22:00:00,3,10416,10368,48
2018-01-12 22:00:00,4,3550,2862,688
2018-01-12 23:00:00,3,10508,10422,86
2018-01-12 23:00:00,4,9944,9882,62
2018-01-13 00:00:00,3,10624,10530,94
2018-01-13 00:00:00,4,10568,10476,92
2018-01-13 01:00:00,3,10178,10098,80
2018-01-13 01:00:00,4,10416,10368,48
2018-01-13 02:00:00,3,10580,10496,84
2018-01-13 02:00:00,4,10424,10206,218
2018-01-13 03:00:00,3,10588,10476,112
2018-01-13 03:00:00,4,9536,9450,86
2018-01-13 04:00:00,3,10332,10206,126
2018-01-13 04:00:00,4,10268,10152,116
2018-01-13 05:00:00,3,10836,10746,90
2018-01-13 05:00:00,4,10062,9794,268
2018-01-13 06:00:00,3,10624,10530,94
2018-01-13 06:00:00,4,9944,9828,116
2018-01-13 07:00:00,3,10440,10422,18
2018-01-13 07:00:00,4,9776,9666,110
2018-01-13 08:00:00,3,10564,10408,156
2018-01-13 08:00:00,4,10332,10098,234
2018-01-13 09:00:00,3,10112,10152,-40
2018-01-13 09:00:00,4,10088,9990,98
2018-01-13 10:00:00,3,10676,10476,200
2018-01-13 10:00:00,4,10500,10314,186
2018-01-13 11:00:00,3,10548,10422,126
2018-01-13 11:00:00,4,10774,10624,150
2018-01-13 12:00:00,3,9692,9558,134
2018-01-13 12:00:00,4,10576,10368,208
2018-01-13 13:00:00,3,10024,9936,88
2018-01-13 13:00:00,4,10396,10152,244
2018-01-13 14:00:00,3,9264,9078,186
2018-01-13 14:00:00,4,10364,10206,158
2018-01-13 15:00:00,3,10512,10368,144
2018-01-13 15:00:00,4,10156,9936,220
2018-01-13 16:00:00,3,10800,10746,54
2018-01-13 16:00:00,4,10480,10260,220
2018-01-13 17:00:00,3,10496,10368,128
2018-01-13 17:00:00,4,9818,9504,314
2018-01-13 18:00:00,3,10632,10476,156
2018-01-13 18:00:00,4,10808,10482,326
2018-01-13 19:00:00,3,10260,10206,54
2018-01-13 19:00:00,4,9664,9450,214
2018-01-13 20:00:00,3,9804,9558,246
2018-01-13 20:00:00,4,10616,10368,248
2018-01-13 21:00:00,3,10700,10502,198
2018-01-13 21:00:00,4,10428,10044,384
2018-01-13 22:00:00,3,10952,10908,44
2018-01-13 22:00:00,4,7180,7020,160
2018-01-13 23:00:00,3,10884,10746,138
2018-01-13 23:00:00,4,9324,9018,306
2018-01-14 00:00:00,3,10648,10530,118
2018-01-14 00:00:00,4,7666,7614,52
2018-01-14 01:00:00,3,10840,10692,148
2018-01-14 01:00:00,4,10488,10340,148
2018-01-14 02:00:00,3,10636,10476,160
2018-01-14 02:00:00,4,9872,9720,152
2018-01-14 03:00:00,3,10328,10252,76
2018-01-14 03:00:00,4,10364,10260,104
2018-01-14 04:00:00,3,10464,10260,204
2018-01-14 04:00:00,4,10604,10584,20
2018-01-14 05:00:00,3,10108,9882,226
2018-01-14 05:00:00,4,9676,9396,280
2018-01-14 06:00:00,3,9996,9774,222
2018-01-14 06:00:00,4,8521,8532,-11
2018-01-14 07:00:00,3,10172,10044,128
2018-01-14 07:00:00,4,7199,7020,179
2018-01-14 08:00:00,3,9844,9612,232
2018-01-14 08:00:00,4,10380,10306,74
2018-01-14 09:00:00,3,10868,10596,272
2018-01-14 09:00:00,4,10516,10314,202
2018-01-14 10:00:00,3,9760,9720,40
2018-01-14 10:00:00,4,10560,10476,84
2018-01-14 11:00:00,3,10648,10422,226
2018-01-14 11:00:00,4,10624,10584,40
2018-01-14 12:00:00,3,10570,10422,148
2018-01-14 12:00:00,4,10544,10368,176
2018-01-14 13:00:00,3,9068,9018,50
2018-01-14 13:00:00,4,8764,8802,-38
2018-01-14 14:00:00,3,5356,5346,10
2018-01-14 14:00:00,4,5459,5292,167
2018-01-14 15:00:00,3,10478,10368,110
2018-01-14 15:00:00,4,10656,10434,222
2018-01-14 16:00:00,3,10624,10454,170
2018-01-14 16:00:00,4,10720,10584,136
2018-01-14 17:00:00,3,10548,10368,180
2018-01-14 17:00:00,4,10820,10692,128
2018-01-14 18:00:00,3,3666,4050,-384
2018-01-14 18:00:00,4,9580,9396,184
2018-01-14 19:00:00,4,11052,10962,90
2018-01-14 20:00:00,4,10055,9990,65
2018-01-14 21:00:00,4,10772,10508,264
2018-01-14 22:00:00,4,4130,4590,-460
2018-01-15 01:00:00,3,3332,2646,686
2018-01-15 01:00:00,4,4450,3942,508
2018-01-15 02:00:00,3,7901,7992,-91
2018-01-15 02:00:00,4,9144,8856,288
2018-01-15 03:00:00,3,8632,8370,262
2018-01-15 03:00:00,4,10848,10746,102
2018-01-15 04:00:00,3,10448,10260,188
2018-01-15 04:00:00,4,9988,9882,106
2018-01-15 05:00:00,3,10324,10206,118
2018-01-15 05:00:00,4,10424,10206,218
2018-01-15 06:00:00,3,9728,9504,224
2018-01-15 06:00:00,4,10348,10206,142
2018-01-15 07:00:00,3,9674,9558,116
2018-01-15 07:00:00,4,9600,9504,96
2018-01-15 08:00:00,3,9599,9362,237
2018-01-15 08:00:00,4,9864,9578,286
2018-01-15 09:00:00,3,5958,5940,18
2018-01-15 09:00:00,4,10312,10098,214
2018-01-15 10:00:00,3,6899,6588,311
2018-01-15 10:00:00,4,9980,9882,98
2018-01-15 11:00:00,3,10113,9936,177
2018-01-15 11:00:00,4,10632,10476,156
2018-01-15 12:00:00,3,10232,10044,188
2018-01-15 12:00:00,4,10796,10692,104
2018-01-15 13:00:00,3,9516,9450,66
2018-01-15 13:00:00,4,10988,10800,188
2018-01-15 14:00:00,3,9931,9720,211
2018-01-15 14:00:00,4,10404,10408,-4
2018-01-15 15:00:00,3,3418,3888,-470
2018-01-15 15:00:00,4,10960,10800,160
2018-01-15 16:00:00,3,7802,7128,674
2018-01-15 16:00:00,4,9036,8964,72
2018-01-15 17:00:00,3,9940,9882,58
2018-01-15 17:00:00,4,10124,9990,134
2018-01-15 18:00:00,3,10468,10314,154
2018-01-15 18:00:00,4,11080,10962,118
2018-01-15 19:00:00,3,10048,9828,220
2018-01-15 19:00:00,4,10916,10854,62
2018-01-15 20:00:00,3,10476,10368,108
2018-01-15 20:00:00,4,9532,9396,136
2018-01-15 21:00:00,3,10000,9936,64
2018-01-15 21:00:00,4,10648,10428,220
2018-01-15 22:00:00,3,10078,9956,122
2018-01-15 22:00:00,4,10900,10854,46
2018-01-15 23:00:00,3,10124,9990,134
2018-01-15 23:00:00,4,10404,10206,198
2018-01-16 00:00:00,3,10056,9990,66
2018-01-16 00:00:00,4,10908,10800,108
2018-01-16 01:00:00,3,9904,9774,130
2018-01-16 01:00:00,4,10980,10854,126
2018-01-16 02:00:00,3,10220,10044,176
2018-01-16 02:00:00,4,10348,10206,142
2018-01-16 03:00:00,3,10234,10152,82
2018-01-16 03:00:00,4,10264,10124,140
2018-01-16 04:00:00,3,10716,10584,132
2018-01-16 04:00:00,4,10196,10098,98
2018-01-16 05:00:00,3,9208,9166,42
2018-01-16 05:00:00,4,8396,8262,134
2018-01-16 06:00:00,3,10120,9990,130
2018-01-16 06:00:00,4,10182,10098,84
2018-01-16 07:00:00,3,9967,9882,85
2018-01-16 07:00:00,4,10256,10098,158
2018-01-16 08:00:00,3,10140,10044,96
2018-01-16 08:00:00,4,10204,10098,106
2018-01-16 09:00:00,3,10439,10368,71
2018-01-16 09:00:00,4,9646,9496,150
2018-01-16 10:00:00,3,10271,10152,119
2018-01-16 10:00:00,4,10496,10422,74
2018-01-16 11:00:00,3,9676,9618,58
2018-01-16 11:00:00,4,10140,10044,96
2018-01-16 12:00:00,3,10273,10206,67
2018-01-16 12:00:00,4,10516,10422,94
2018-01-16 13:00:00,3,10628,10422,206
2018-01-16 13:00:00,4,8992,8856,136
2018-01-16 14:00:00,3,9752,9720,32
2018-01-16 14:00:00,4,9740,9612,128
2018-01-16 15:00:00,3,10368,10314,54
2018-01-16 15:00:00,4,9671,9558,113
2018-01-16 16:00:00,3,10583,10476,107
2018-01-16 16:00:00,4,10241,10056,185
2018-01-16 17:00:00,3,10356,10260,96
2018-01-16 17:00:00,4,10030,9990,40
2018-01-16 18:00:00,3,10680,10556,124
2018-01-16 18:00:00,4,9908,9774,134
2018-01-16 19:00:00,3,10536,10422,114
2018-01-16 19:00:00,4,10672,10530,142
2018-01-16 20:00:00,3,10104,10044,60
2018-01-16 20:00:00,4,9244,8964,280
2018-01-16 21:00:00,3,10655,10476,179
2018-01-16 21:00:00,4,9136,9018,118
2018-01-16 22:00:00,3,10528,10422,106
2018-01-16 22:00:00,4,7576,7506,70
2018-01-16 23:00:00,3,10288,10260,28
2018-01-16 23:00:00,4,8899,8780,119
2018-01-17 00:00:00,3,10227,10090,137
2018-01-17 00:00:00,4,5548,5400,148
2018-01-17 01:00:00,3,10522,10422,100
2018-01-17 01:00:00,4,10050,10368,-318
2018-01-17 02:00:00,3,10220,10152,68
2018-01-17 02:00:00,4,4310,3672,638
2018-01-17 03:00:00,3,9862,9720,142
2018-01-17 03:00:00,4,10728,10746,-18
2018-01-17 04:00:00,3,10664,10638,26
2018-01-17 04:00:00,4,10660,10530,130
2018-01-17 05:00:00,3,10476,10422,54
2018-01-17 05:00:00,4,10312,10314,-2
2018-01-17 06:00:00,3,10197,10098,99
2018-01-17 06:00:00,4,10536,10422,114
2018-01-17 07:00:00,3,10352,10272,80
2018-01-17 07:00:00,4,10168,10152,16
2018-01-17 08:00:00,3,10611,10530,81
2018-01-17 08:00:00,4,9998,9848,150
2018-01-17 09:00:00,3,10264,10206,58
2018-01-17 09:00:00,4,10904,10854,50
2018-01-17 10:00:00,3,10448,10368,80
2018-01-17 10:00:00,4,10344,10260,84
2018-01-17 11:00:00,3,10344,10206,138
2018-01-17 11:00:00,4,10680,10584,96
2018-01-17 12:00:00,3,10530,10476,54
2018-01-17 12:00:00,4,10848,10854,-6
2018-01-17 13:00:00,3,10262,10130,132
2018-01-17 13:00:00,4,10948,10800,148
2018-01-17 14:00:00,3,10376,10314,62
2018-01-17 14:00:00,4,10822,10746,76
2018-01-17 15:00:00,3,9756,9666,90
2018-01-17 15:00:00,4,10564,10570,-6
2018-01-17 16:00:00,3,10326,10260,66
2018-01-17 16:00:00,4,10468,10422,46
2018-01-17 17:00:00,3,9632,9558,74
2018-01-17 17:00:00,4,10288,10152,136
2018-01-17 18:00:00,3,10188,10098,90
2018-01-17 18:00:00,4,10120,10044,76
2018-01-17 19:00:00,3,10283,10258,25
2018-01-17 19:00:00,4,10508,10422,86
2018-01-17 20:00:00,3,10602,10476,126
2018-01-17 20:00:00,4,10444,10368,76
2018-01-17 21:00:00,3,10344,10260,84
2018-01-17 21:00:00,4,10618,10536,82
2018-01-17 22:00:00,3,10168,10152,16
2018-01-17 22:00:00,4,10716,10638,78
2018-01-17 23:00:00,3,4300,4374,-74
2018-01-17 23:00:00,4,4188,4158,30
2018-01-18 00:00:00,3,9860,9558,302
2018-01-18 00:00:00,4,9720,9666,54
2018-01-18 01:00:00,3,10340,10314,26
2018-01-18 01:00:00,4,10548,10476,72
2018-01-18 02:00:00,3,10837,10710,127
2018-01-18 02:00:00,4,10036,9936,100
2018-01-18 03:00:00,3,7748,8154,-406
2018-01-18 03:00:00,4,10820,10746,74
2018-01-18 04:00:00,4,10542,10448,94
2018-01-18 05:00:00,3,386,0,386
2018-01-18 05:00:00,4,9480,9396,84
2018-01-18 06:00:00,3,944,324,620
2018-01-18 06:00:00,4,10054,9990,64
2018-01-18 07:00:00,3,1068,918,150
2018-01-18 07:00:00,4,10148,10098,50
2018-01-18 08:00:00,4,10924,10746,178
2018-01-18 09:00:00,4,10576,10530,46
2018-01-18 10:00:00,4,10976,10954,22
2018-01-18 11:00:00,4,10328,10314,14
2018-01-18 12:00:00,4,10376,10260,116
2018-01-18 13:00:00,4,10868,10800,68
2018-01-18 14:00:00,4,10312,10206,106
2018-01-18 15:00:00,4,10700,10638,62
2018-01-18 16:00:00,4,10888,10800,88
2018-01-18 17:00:00,3,4790,3996,794
2018-01-18 17:00:00,4,10776,10650,126
2018-01-18 18:00:00,3,10488,10260,228
2018-01-18 18:00:00,4,10976,10962,14
2018-01-18 19:00:00,3,9468,9342,126
2018-01-18 19:00:00,4,10700,10584,116
2018-01-18 20:00:00,3,10156,9990,166
2018-01-18 20:00:00,4,8472,8424,48
2018-01-18 21:00:00,3,10012,9828,184
2018-01-18 21:00:00,4,3256,2700,556
2018-01-18 22:00:00,3,9348,9234,114
2018-01-18 22:00:00,4,5068,4914,154
2018-01-18 23:00:00,3,9036,8910,126
2018-01-18 23:00:00,4,9776,9774,2
2018-01-19 00:00:00,3,8878,8714,164
2018-01-19 00:00:00,4,3840,3780,60
2018-01-19 01:00:00,3,4574,5022,-448
2018-01-19 01:00:00,4,9592,9428,164
2018-01-19 02:00:00,3,2760,2160,600
2018-01-19 02:00:00,4,9148,9126,22
2018-01-19 03:00:00,3,8976,8856,120
2018-01-19 03:00:00,4,1602,1998,-396
2018-01-19 04:00:00,3,10064,9990,74
2018-01-19 05:00:00,3,8728,8586,142
2018-01-19 05:00:00,4,8178,7506,672
2018-01-19 06:00:00,3,9704,9558,146
2018-01-19 06:00:00,4,9584,9558,26
2018-01-19 07:00:00,3,9823,9828,-5
2018-01-19 07:00:00,4,9092,8964,128
2018-01-19 08:00:00,3,3396,3294,102
2018-01-19 08:00:00,4,10308,10368,-60
2018-01-19 09:00:00,3,8,54,-46
2018-01-19 09:00:00,4,9480,9234,246
2018-01-19 10:00:00,3,2776,2700,76
2018-01-19 10:00:00,4,2716,2592,124
2018-01-19 11:00:00,3,9016,8910,106
2018-01-19 11:00:00,4,8784,8640,144
2018-01-19 12:00:00,3,10267,10226,41
2018-01-19 12:00:00,4,10302,10118,184
2018-01-19 13:00:00,3,9872,9666,206
2018-01-19 13:00:00,4,10532,10476,56
2018-01-19 14:00:00,3,10237,10152,85
2018-01-19 14:00:00,4,9944,9828,116
2018-01-19 15:00:00,3,9844,9774,70
2018-01-19 15:00:00,4,10472,10422,50
2018-01-19 16:00:00,3,10480,10422,58
2018-01-19 16:00:00,4,10820,10746,74
2018-01-19 17:00:00,3,10352,10260,92
2018-01-19 17:00:00,4,10700,10638,62
2018-01-19 18:00:00,3,10132,10030,102
2018-01-19 18:00:00,4,11006,10962,44
2018-01-19 19:00:00,3,9992,9990,2
2018-01-19 19:00:00,4,10748,10624,124
2018-01-19 20:00:00,3,9708,9612,96
2018-01-19 20:00:00,4,10228,10206,22
2018-01-19 21:00:00,3,9316,9234,82
2018-01-19 21:00:00,4,10096,10044,52
2018-01-19 22:00:00,3,9844,9828,16
2018-01-19 22:00:00,4,10676,10584,92
2018-01-19 23:00:00,3,10151,10098,53
2018-01-19 23:00:00,4,10488,10368,120
2018-01-20 00:00:00,3,10455,10314,141
2018-01-20 00:00:00,4,10500,10476,24
2018-01-20 01:00:00,3,10060,9996,64
2018-01-20 01:00:00,4,10578,10428,150
2018-01-20 02:00:00,3,10052,9990,62
2018-01-20 02:00:00,4,10656,10584,72
2018-01-20 03:00:00,3,10584,10476,108
2018-01-20 03:00:00,4,10564,10476,88
2018-01-20 04:00:00,3,10444,10368,76
2018-01-20 04:00:00,4,304,378,-74
2018-01-20 05:00:00,3,9800,9774,26
2018-01-20 05:00:00,4,8768,8532,236
2018-01-20 06:00:00,3,10320,10206,114
2018-01-20 06:00:00,4,10242,10368,-126
2018-01-20 07:00:00,3,10424,10394,30
2018-01-20 07:00:00,4,0,270,-270
2018-01-20 08:00:00,3,10212,10098,114
2018-01-20 08:00:00,4,4618,3942,676
2018-01-20 09:00:00,3,10388,10260,128
2018-01-20 09:00:00,4,9940,9882,58
2018-01-20 10:00:00,3,9761,9774,-13
2018-01-20 10:00:00,4,10232,10044,188
2018-01-20 11:00:00,3,10132,9990,142
2018-01-20 11:00:00,4,10520,10368,152
2018-01-20 12:00:00,3,10184,10098,86
2018-01-20 12:00:00,4,10080,10044,36
2018-01-20 13:00:00,3,9841,9882,-41
2018-01-20 13:00:00,4,10172,10044,128
2018-01-20 14:00:00,3,10384,10306,78
2018-01-20 14:00:00,4,10734,10746,-12
2018-01-20 15:00:00,3,10824,10692,132
2018-01-20 15:00:00,4,10316,10118,198
2018-01-20 16:00:00,3,10040,9990,50
2018-01-20 16:00:00,4,10388,10206,182
2018-01-20 17:00:00,3,10556,10530,26
2018-01-20 17:00:00,4,9932,9882,50
2018-01-20 18:00:00,3,9548,9450,98
2018-01-20 18:00:00,4,10588,10476,112
2018-01-20 19:00:00,3,10724,10692,32
2018-01-20 19:00:00,4,10852,10800,52
2018-01-20 20:00:00,3,10561,10434,127
2018-01-20 20:00:00,4,10940,10854,86
2018-01-20 21:00:00,3,10383,10314,69
2018-01-20 21:00:00,4,10450,10462,-12
2018-01-20 22:00:00,3,10352,10314,38
2018-01-20 22:00:00,4,9008,8856,152
2018-01-20 23:00:00,3,10416,10314,102
2018-01-20 23:00:00,4,10432,10206,226
2018-01-21 00:00:00,3,10536,10530,6
2018-01-21 00:00:00,4,10936,10854,82
2018-01-21 01:00:00,3,10004,9882,122
2018-01-21 01:00:00,4,10524,10476,48
2018-01-21 02:00:00,3,7636,7614,22
2018-01-21 02:00:00,4,10516,10368,148
2018-01-21 03:00:00,4,10286,10104,182
2018-01-21 04:00:00,3,400,432,-32
2018-01-21 04:00:00,4,3948,3780,168
2018-01-21 05:00:00,3,10300,10076,224
2018-01-21 05:00:00,4,10580,10476,104
2018-01-21 06:00:00,3,3558,4050,-492
2018-01-21 06:00:00,4,10800,10692,108
2018-01-21 07:00:00,3,8502,7830,672
2018-01-21 07:00:00,4,10372,10368,4
2018-01-21 08:00:00,3,9986,9828,158
2018-01-21 08:00:00,4,10552,10422,130
2018-01-21 09:00:00,3,10524,10368,156
2018-01-21 09:00:00,4,10488,10368,120
2018-01-21 10:00:00,3,10217,10152,65
2018-01-21 10:00:00,4,10076,9990,86
2018-01-21 11:00:00,3,9580,9504,76
2018-01-21 11:00:00,4,10706,10550,156
2018-01-21 12:00:00,3,10260,10098,162
2018-01-21 12:00:00,4,10712,10530,182
2018-01-21 13:00:00,3,9269,9146,123
2018-01-21 13:00:00,4,10392,10368,24
2018-01-21 14:00:00,3,10004,9936,68
2018-01-21 14:00:00,4,10652,10476,176
2018-01-21 15:00:00,3,9912,9774,138
2018-01-21 15:00:00,4,5562,5940,-378
2018-01-21 16:00:00,3,9804,9774,30
2018-01-21 16:00:00,4,8734,7992,742
2018-01-21 17:00:00,3,10148,9990,158
2018-01-21 17:00:00,4,10076,9990,86
2018-01-21 18:00:00,3,10384,10314,70
2018-01-21 18:00:00,4,10260,10152,108
2018-01-21 19:00:00,3,10440,10314,126
2018-01-21 19:00:00,4,10792,10584,208
2018-01-21 20:00:00,3,10769,10678,91
2018-01-21 20:00:00,4,9824,9774,50
2018-01-21 21:00:00,3,10644,10530,114
2018-01-21 21:00:00,4,10940,10854,86
2018-01-21 22:00:00,3,10056,9828,228
2018-01-21 22:00:00,4,10320,10226,94
2018-01-21 23:00:00,3,10163,10152,11
2018-01-21 23:00:00,4,10068,9882,186
2018-01-22 00:00:00,3,10204,10044,160
2018-01-22 00:00:00,4,10432,10260,172
2018-01-22 01:00:00,3,9632,9504,128
2018-01-22 01:00:00,4,5922,6372,-450
2018-01-22 02:00:00,3,5210,5562,-352
2018-01-22 02:00:00,4,6094,5454,640
2018-01-22 03:00:00,4,10528,10422,106
2018-01-22 04:00:00,4,10412,10368,44
2018-01-22 05:00:00,4,10668,10638,30
2018-01-22 06:00:00,4,9900,9774,126
2018-01-22 07:00:00,4,10560,10530,30
2018-01-22 08:00:00,4,10562,10496,66
2018-01-22 09:00:00,4,10408,10314,94
2018-01-22 10:00:00,4,10628,10530,98
2018-01-22 11:00:00,4,10732,10692,40
2018-01-22 12:00:00,4,8256,8100,156
2018-01-22 13:00:00,4,10464,10422,42
2018-01-22 14:00:00,4,10336,10260,76
2018-01-22 15:00:00,4,10698,10570,128
2018-01-22 16:00:00,4,10392,10368,24
2018-01-22 17:00:00,4,10288,10260,28
2018-01-22 18:00:00,4,5608,5508,100
2018-01-22 19:00:00,4,9252,9180,72
2018-01-22 20:00:00,4,10200,10152,48
2018-01-22 21:00:00,4,5819,5724,95
2018-01-22 22:00:00,4,10656,10536,120
2018-01-22 23:00:00,4,10611,10584,27
2018-01-23 00:00:00,4,10624,10530,94
2018-01-23 01:00:00,4,10864,10854,10
2018-01-23 02:00:00,4,10668,10584,84
2018-01-23 03:00:00,4,10208,10098,110
2018-01-23 04:00:00,4,10308,10232,76
2018-01-23 05:00:00,4,10703,10638,65
2018-01-23 06:00:00,4,10784,10746,38
2018-01-23 07:00:00,4,9534,9396,138
2018-01-23 08:00:00,4,10584,10530,54
2018-01-23 09:00:00,4,10220,10206,14
2018-01-23 10:00:00,4,10520,10422,98
2018-01-23 11:00:00,4,10385,10306,79
2018-01-23 12:00:00,4,10460,10368,92
2018-01-23 13:00:00,4,10636,10584,52
2018-01-23 14:00:00,4,10368,10314,54
2018-01-23 15:00:00,4,10064,10044,20
2018-01-23 16:00:00,4,10292,10098,194
2018-01-23 17:00:00,4,10140,10002,138
2018-01-23 18:00:00,4,6313,6318,-5
2018-01-23 19:00:00,4,8800,8532,268
2018-01-23 20:00:00,4,9900,9720,180
2018-01-23 21:00:00,4,9572,9342,230
2018-01-23 22:00:00,4,8852,8640,212
2018-01-23 23:00:00,4,9384,9180,204
2018-01-24 00:00:00,4,9556,9126,430
2018-01-24 01:00:00,4,9296,8510,786
2018-01-24 02:00:00,4,934,1404,-470
2018-01-24 03:00:00,4,6458,5832,626
2018-01-24 04:00:00,4,9912,9828,84
2018-01-24 05:00:00,4,9768,9720,48
2018-01-24 06:00:00,4,10416,10368,48
2018-01-24 07:00:00,4,10282,10206,76
2018-01-24 08:00:00,4,10222,10206,16
2018-01-24 09:00:00,4,10550,10496,54
2018-01-24 10:00:00,4,10724,10584,140
2018-01-24 11:00:00,4,10528,10314,214
2018-01-24 12:00:00,4,10304,10260,44
2018-01-24 13:00:00,4,10572,10476,96
2018-01-24 14:00:00,4,9614,9558,56
2018-01-24 15:00:00,4,10592,10476,116
2018-01-24 16:00:00,4,10672,10624,48
2018-01-24 17:00:00,4,10360,10314,46
2018-01-24 18:00:00,4,10852,10746,106
2018-01-24 19:00:00,4,9860,9774,86
2018-01-24 20:00:00,4,10860,10800,60
2018-01-24 21:00:00,4,9668,9666,2
2018-01-24 22:00:00,4,10868,10698,170
2018-01-24 23:00:00,4,10920,10854,66
2018-01-25 00:00:00,4,10432,10422,10
2018-01-25 01:00:00,4,10804,10638,166
2018-01-25 02:00:00,4,10476,10422,54
2018-01-25 03:00:00,4,10676,10638,38
2018-01-25 04:00:00,4,10392,10340,52
2018-01-25 05:00:00,4,9744,9612,132
2018-01-25 06:00:00,4,10768,10746,22
2018-01-25 07:00:00,4,10236,10206,30
2018-01-25 08:00:00,4,10636,10584,52
2018-01-25 09:00:00,4,10148,9990,158
2018-01-25 10:00:00,4,10240,10260,-20
2018-01-25 11:00:00,4,10852,10738,114
2018-01-25 12:00:00,4,10160,10044,116
2018-01-25 13:00:00,4,10400,10314,86
2018-01-25 14:00:00,4,9999,9936,63
2018-01-25 15:00:00,4,10424,10368,56
2018-01-25 16:00:00,4,10740,10638,102
2018-01-25 17:00:00,4,10777,10704,73
2018-01-25 18:00:00,4,10656,10638,18
2018-01-25 19:00:00,4,10312,10368,-56
2018-01-25 20:00:00,4,10776,10584,192
2018-01-25 21:00:00,4,10540,10476,64
2018-01-25 22:00:00,4,10704,10692,12
2018-01-25 23:00:00,4,10609,10508,101
2018-01-26 00:00:00,4,10140,9990,150
2018-01-26 01:00:00,4,7302,7776,-474
2018-01-26 14:00:00,3,3276,2538,738
2018-01-26 15:00:00,3,10360,10314,46
2018-01-26 16:00:00,3,10812,10800,12
2018-01-26 17:00:00,3,9668,9666,2
2018-01-26 18:00:00,3,10748,10584,164
2018-01-26 18:00:00,4,546,540,6
2018-01-26 19:00:00,3,9404,9396,8
2018-01-26 20:00:00,3,10132,9990,142
2018-01-26 21:00:00,3,9364,9200,164
2018-01-26 22:00:00,3,10560,10478,82
2018-01-26 23:00:00,3,10316,10314,2
2018-01-27 00:00:00,3,10739,10692,47
2018-01-27 01:00:00,3,10240,10098,142
2018-01-27 02:00:00,3,6298,6264,34
2018-01-27 03:00:00,3,10376,10354,22
2018-01-27 04:00:00,3,10532,10422,110
2018-01-27 05:00:00,3,10372,10314,58
2018-01-27 06:00:00,3,10652,10584,68
2018-01-27 07:00:00,3,6752,6696,56
2018-01-27 08:00:00,3,10512,10476,36
2018-01-27 09:00:00,3,10518,10530,-12
2018-01-27 10:00:00,3,10612,10428,184
2018-01-27 11:00:00,3,9660,9558,102
2018-01-27 12:00:00,3,10832,10800,32
2018-01-27 13:00:00,3,10332,10260,72
2018-01-27 14:00:00,3,10212,10206,6
2018-01-27 15:00:00,3,10534,10422,112
2018-01-27 16:00:00,3,10928,10772,156
2018-01-27 17:00:00,3,10032,9990,42
2018-01-27 18:00:00,3,10640,10638,2
2018-01-27 19:00:00,3,10648,10584,64
2018-01-27 20:00:00,3,8118,8478,-360
2018-01-27 21:00:00,3,3410,2754,656
2018-01-27 22:00:00,3,10392,10260,132
2018-01-27 23:00:00,3,9988,9828,160
2018-01-28 00:00:00,3,6456,6588,-132
2018-01-28 01:00:00,3,10436,10098,338
2018-01-28 02:00:00,3,10796,10692,104
2018-01-28 03:00:00,3,10542,10476,66
2018-01-28 04:00:00,3,10028,9794,234
2018-01-28 05:00:00,3,5898,6318,-420
2018-01-29 01:00:00,3,9026,8316,710
2018-01-29 02:00:00,3,10940,10800,140
2018-01-29 03:00:00,3,10792,10692,100
2018-01-29 04:00:00,3,10848,10638,210
2018-01-29 05:00:00,3,10980,10854,126
2018-01-29 06:00:00,3,10840,10746,94
2018-01-29 07:00:00,3,10554,10496,58
2018-01-29 08:00:00,3,10688,10530,158
2018-01-29 09:00:00,3,10556,10422,134
2018-01-29 10:00:00,3,10612,10476,136
2018-01-29 11:00:00,3,10331,10152,179
2018-01-29 12:00:00,3,10528,10368,160
2018-01-29 13:00:00,3,10361,10192,169
2018-01-29 14:00:00,3,9576,9504,72
2018-01-29 15:00:00,3,10668,10476,192
2018-01-29 16:00:00,3,10558,10422,136
2018-01-29 17:00:00,3,10552,10530,22
2018-01-29 18:00:00,3,10320,10260,60
2018-01-29 19:00:00,3,10267,10050,217
2018-01-29 20:00:00,3,10280,10206,74
2018-01-29 21:00:00,3,10224,10152,72
2018-01-29 22:00:00,3,10496,10422,74
2018-01-29 23:00:00,3,10880,10746,134
2018-01-30 00:00:00,3,10668,10584,84
2018-01-30 01:00:00,3,10551,10476,75
2018-01-30 02:00:00,3,10416,10286,130
2018-01-30 03:00:00,3,10916,10746,170
2018-01-30 04:00:00,3,10524,10476,48
2018-01-30 05:00:00,3,6560,6534,26
2018-01-30 06:00:00,3,10060,9720,340
2018-01-30 07:00:00,3,9400,8910,490
2018-01-30 08:00:00,3,10691,10530,161
2018-01-30 09:00:00,3,7760,7660,100
2018-01-30 10:00:00,3,10756,10746,10
2018-01-30 11:00:00,3,10660,10530,130
2018-01-30 12:00:00,3,8532,8640,-108
2018-01-30 13:00:00,3,8660,8586,74
2018-01-30 14:00:00,3,10472,10206,266
2018-01-30 15:00:00,3,10796,10650,146
2018-01-30 16:00:00,3,10552,10476,76
2018-01-30 17:00:00,3,10394,10368,26
2018-01-30 18:00:00,3,10284,10206,78
2018-01-30 19:00:00,3,10562,10476,86
2018-01-30 20:00:00,3,10848,10746,102
2018-01-30 21:00:00,3,10488,10476,12
2018-01-30 22:00:00,3,10440,10346,94
2018-01-30 23:00:00,3,7766,8208,-442
2018-01-31 00:00:00,3,4702,4050,652
2018-01-31 01:00:00,3,10952,10908,44
2018-01-31 02:00:00,3,10806,10746,60
2018-01-31 03:00:00,3,10479,10368,111
2018-01-31 04:00:00,3,10508,10476,32
2018-01-31 05:00:00,3,10543,10422,121
2018-01-31 06:00:00,3,10632,10550,82
2018-01-31 07:00:00,3,10576,10584,-8
2018-01-31 08:00:00,3,10588,10476,112
2018-01-31 09:00:00,3,10608,10584,24
2018-01-31 10:00:00,3,10296,10152,144
2018-01-31 11:00:00,3,9360,9234,126
2018-01-31 12:00:00,3,9792,9720,72
2018-01-31 13:00:00,3,10521,10354,167
2018-01-31 14:00:00,3,10647,10584,63
2018-01-31 15:00:00,3,10138,9936,202
2018-01-31 16:00:00,3,10424,10422,2
2018-01-31 17:00:00,3,9650,9612,38
2018-01-31 18:00:00,3,10448,10260,188
2018-01-31 19:00:00,3,9728,9564,164
2018-01-31 20:00:00,3,10010,9990,20
2018-01-31 21:00:00,3,9230,9072,158
2018-01-31 22:00:00,3,10112,10152,-40
2018-01-31 23:00:00,3,10307,10206,101
2018-02-01 00:00:00,3,9743,9720,23
2018-02-01 01:00:00,3,10400,10260,140
2018-02-01 02:00:00,3,10614,10502,112
2018-02-01 03:00:00,3,8642,8586,56
2018-02-01 04:00:00,3,10320,10314,6
2018-02-01 05:00:00,3,10148,10044,104
2018-02-01 06:00:00,3,10260,10260,0
2018-02-01 07:00:00,3,10536,10422,114
2018-02-01 08:00:00,3,4738,5130,-392
2018-02-01 19:00:00,3,0,54,-54
2018-02-01 22:00:00,3,8934,8262,672
2018-02-01 23:00:00,3,10964,10908,56
2018-02-02 00:00:00,3,10856,10800,56
2018-02-02 01:00:00,3,10868,10746,122
2018-02-02 02:00:00,3,10796,10746,50
2018-02-02 03:00:00,3,10612,10530,82
2018-02-02 04:00:00,3,10926,10820,106
2018-02-02 05:00:00,3,8488,8424,64
2018-02-02 06:00:00,3,10539,10530,9
2018-02-02 07:00:00,3,10510,10368,142
2018-02-02 08:00:00,3,9280,9234,46
2018-02-02 09:00:00,3,10143,10044,99
2018-02-02 10:00:00,3,10776,10678,98
2018-02-02 11:00:00,3,10940,10800,140
2018-02-02 12:00:00,3,10344,10314,30
2018-02-02 13:00:00,3,10376,10314,62
2018-02-02 14:00:00,3,10755,10692,63
2018-02-02 15:00:00,3,10660,10584,76
2018-02-02 16:00:00,3,9776,9666,110
2018-02-02 17:00:00,3,9844,9726,118
2018-02-02 18:00:00,3,10744,10638,106
2018-02-02 19:00:00,3,9916,9774,142
2018-02-02 20:00:00,3,10352,10314,38
2018-02-02 21:00:00,3,9808,9828,-20
2018-02-02 22:00:00,3,9624,9450,174
2018-02-02 23:00:00,3,10584,10448,136
2018-02-03 00:00:00,3,10096,10098,-2
2018-02-03 01:00:00,3,10676,10584,92
2018-02-03 02:00:00,3,10208,10098,110
2018-02-03 03:00:00,3,10548,10422,126
2018-02-03 04:00:00,3,10452,10260,192
2018-02-03 05:00:00,3,10380,10260,120
2018-02-03 06:00:00,3,10616,10468,148
2018-02-03 07:00:00,3,10800,10746,54
2018-02-03 08:00:00,3,10672,10476,196
2018-02-03 09:00:00,3,10624,10638,-14
2018-02-03 10:00:00,3,10552,10422,130
2018-02-03 11:00:00,3,10504,10476,28
2018-02-03 12:00:00,3,10748,10542,206
2018-02-03 13:00:00,3,4856,4860,-4
2018-02-03 14:00:00,3,3112,2970,142
2018-02-03 15:00:00,3,10816,10800,16
2018-02-03 16:00:00,3,3740,3726,14
2018-02-03 17:00:00,3,10544,10422,122
2018-02-03 18:00:00,3,7018,7398,-380
2018-02-04 00:00:00,3,148,0,148
2018-02-04 01:00:00,3,328,0,328
2018-02-04 02:00:00,3,8964,8424,540
2018-02-04 03:00:00,3,10892,10746,146
2018-02-04 04:00:00,3,9980,9882,98
2018-02-04 05:00:00,3,10492,10368,124
2018-02-04 06:00:00,3,9322,9288,34
2018-02-04 07:00:00,3,10720,10638,82
2018-02-04 08:00:00,3,10554,10388,166
2018-02-04 09:00:00,3,10416,10368,48
2018-02-04 10:00:00,3,10595,10422,173
2018-02-04 10:00:00,4,564,0,564
2018-02-04 11:00:00,3,10496,10368,128
2018-02-04 11:00:00,4,3200,0,3200
2018-02-04 12:00:00,3,10444,10314,130
2018-02-04 12:00:00,4,1008,0,1008
2018-02-04 13:00:00,3,6432,6210,222
2018-02-04 13:00:00,4,7320,0,7320
2018-02-04 14:00:00,3,8664,8694,-30
2018-02-04 14:00:00,4,1640,0,1640
2018-02-04 15:00:00,3,10272,10138,134
2018-02-04 16:00:00,3,6952,6858,94
2018-02-04 17:00:00,3,10372,10206,166
2018-02-04 18:00:00,3,9836,9828,8
2018-02-04 19:00:00,3,10156,10044,112
2018-02-04 20:00:00,3,10348,10206,142
2018-02-04 21:00:00,3,10524,10584,-60
2018-02-04 22:00:00,3,7094,7350,-256
2018-02-04 22:00:00,4,216,0,216
2018-02-04 23:00:00,4,200,0,200
2018-02-05 03:00:00,4,922,162,760
2018-02-05 04:00:00,4,3240,2970,270
2018-02-05 05:00:00,4,5976,5400,576
2018-02-05 06:00:00,4,7672,7506,166
2018-02-05 07:00:00,4,9760,9558,202
2018-02-05 08:00:00,4,8204,7938,266
2018-02-05 09:00:00,4,10524,10476,48
2018-02-05 10:00:00,4,10808,10638,170
2018-02-05 11:00:00,4,5536,5508,28
2018-02-05 12:00:00,4,5304,5292,12
2018-02-05 13:00:00,4,9764,9524,240
2018-02-05 14:00:00,4,5408,5292,116
2018-02-05 15:00:00,4,6988,7020,-32
2018-02-05 16:00:00,4,10856,10692,164
2018-02-05 17:00:00,4,8144,8100,44
2018-02-05 18:00:00,4,9104,9018,86
2018-02-05 19:00:00,4,6292,6156,136
2018-02-05 20:00:00,4,10496,10408,88
2018-02-05 21:00:00,4,10304,10260,44
2018-02-05 22:00:00,4,10048,9882,166
2018-02-05 23:00:00,4,9820,9666,154
2018-02-06 00:00:00,4,10184,9990,194
2018-02-06 01:00:00,4,9356,9234,122
2018-02-06 02:00:00,4,7976,7722,254
2018-02-06 03:00:00,4,6840,6642,198
2018-02-06 04:00:00,4,544,378,166
2018-02-06 05:00:00,4,8356,8268,88
2018-02-06 06:00:00,4,10200,10098,102
2018-02-06 07:00:00,4,9544,9342,202
2018-02-06 08:00:00,4,10420,10314,106
2018-02-06 09:00:00,4,9756,9720,36
2018-02-06 10:00:00,4,7842,7668,174
2018-02-06 11:00:00,4,10100,9936,164
2018-02-06 12:00:00,4,9928,9854,74
2018-02-06 13:00:00,4,10436,10152,284
2018-02-06 14:00:00,4,10134,9828,306
2018-02-06 15:00:00,4,2618,3078,-460
2018-02-06 16:00:00,4,202,0,202
2018-02-06 17:00:00,4,7660,7344,316
2018-02-06 18:00:00,4,4460,4374,86
2018-02-06 19:00:00,4,5818,5778,40
2018-02-06 20:00:00,4,10172,10098,74
2018-02-06 21:00:00,4,10272,10260,12
2018-02-06 22:00:00,4,9604,9504,100
2018-02-06 23:00:00,4,10032,9882,150
2018-02-07 00:00:00,4,7752,7688,64
2018-02-07 01:00:00,4,10024,9882,142
2018-02-07 02:00:00,4,9516,9450,66
2018-02-07 03:00:00,4,10272,10260,12
2018-02-07 04:00:00,4,10408,10260,148
2018-02-07 05:00:00,4,9368,9342,26
2018-02-07 06:00:00,4,10548,10422,126
2018-02-07 07:00:00,4,7522,7492,30
2018-02-07 08:00:00,4,10020,9990,30
2018-02-07 09:00:00,4,9980,9882,98
2018-02-07 10:00:00,4,10112,9990,122
2018-02-07 11:00:00,4,9592,9558,34
2018-02-07 12:00:00,4,8268,8208,60
2018-02-07 13:00:00,4,4448,4482,-34
2018-02-07 14:00:00,4,4852,4482,370
2018-02-07 15:00:00,4,10634,10536,98
2018-02-07 16:00:00,4,10644,10530,114
2018-02-07 17:00:00,4,10732,10638,94
2018-02-07 18:00:00,4,10356,10314,42
2018-02-07 19:00:00,4,10596,10530,66
2018-02-07 20:00:00,4,10656,10638,18
2018-02-07 21:00:00,4,9470,9422,48
2018-02-07 22:00:00,4,10480,10368,112
2018-02-07 23:00:00,4,9972,9936,36
2018-02-08 00:00:00,4,10684,10476,208
2018-02-08 01:00:00,4,2274,2808,-534
2018-02-08 02:00:00,4,9698,9018,680
2018-02-08 03:00:00,4,9708,9666,42
2018-02-08 04:00:00,4,10108,10044,64
2018-02-08 05:00:00,4,8140,8316,-176
2018-02-08 06:00:00,4,5807,5562,245
2018-02-08 07:00:00,4,6768,6750,18
2018-02-08 08:00:00,4,8466,8316,150
2018-02-08 09:00:00,4,10419,10334,85
2018-02-08 10:00:00,4,10580,10476,104
2018-02-08 11:00:00,4,10880,10854,26
2018-02-08 12:00:00,4,10580,10530,50
2018-02-08 13:00:00,4,11024,10962,62
2018-02-08 14:00:00,4,10371,10206,165
2018-02-08 15:00:00,4,10382,10354,28
2018-02-08 16:00:00,4,10508,10422,86
2018-02-08 17:00:00,4,10100,10044,56
2018-02-08 18:00:00,3,272,0,272
2018-02-08 18:00:00,4,10496,10422,74
2018-02-08 19:00:00,4,10612,10530,82
2018-02-08 20:00:00,4,10736,10746,-10
2018-02-08 21:00:00,4,10840,10692,148
2018-02-08 22:00:00,4,10302,10266,36
2018-02-08 23:00:00,4,10540,10476,64
2018-02-09 00:00:00,4,10412,10368,44
2018-02-09 01:00:00,4,10684,10584,100
2018-02-09 02:00:00,3,80,0,80
2018-02-09 02:00:00,4,10586,10584,2
2018-02-09 03:00:00,3,60,0,60
2018-02-09 03:00:00,4,10360,10260,100
2018-02-09 04:00:00,4,10664,10556,108
2018-02-09 05:00:00,3,124,0,124
2018-02-09 05:00:00,4,10616,10530,86
2018-02-09 06:00:00,3,156,0,156
2018-02-09 06:00:00,4,10538,10476,62
2018-02-09 07:00:00,4,10736,10692,44
2018-02-09 08:00:00,4,9436,9342,94
2018-02-09 09:00:00,4,8024,7992,32
2018-02-09 10:00:00,3,1996,0,1996
2018-02-09 10:00:00,4,10218,10198,20
2018-02-09 11:00:00,3,532,0,532
2018-02-09 11:00:00,4,10211,10098,113
2018-02-09 12:00:00,4,10737,10638,99
2018-02-09 13:00:00,4,10248,10260,-12
2018-02-09 14:00:00,4,10304,10206,98
2018-02-09 15:00:00,4,10596,10530,66
2018-02-09 16:00:00,4,10590,10476,114
2018-02-09 17:00:00,4,10636,10542,94
2018-02-09 18:00:00,4,10700,10584,116
2018-02-09 19:00:00,4,6676,6750,-74
2018-02-09 20:00:00,4,5956,5724,232
2018-02-09 21:00:00,4,10692,10584,108
2018-02-09 22:00:00,4,8484,8424,60
2018-02-09 23:00:00,4,10470,10476,-6
2018-02-10 00:00:00,4,10488,10346,142
2018-02-10 01:00:00,4,10124,10152,-28
2018-02-10 02:00:00,4,1696,1404,292
2018-02-10 03:00:00,4,9216,9126,90
2018-02-10 04:00:00,4,10236,10098,138
2018-02-10 05:00:00,3,312,0,312
2018-02-10 05:00:00,4,10916,10962,-46
2018-02-10 06:00:00,3,380,0,380
2018-02-10 06:00:00,4,10180,10044,136
2018-02-10 07:00:00,4,11008,10962,46
2018-02-10 08:00:00,4,11008,10962,46
2018-02-10 09:00:00,4,10932,10874,58
2018-02-10 10:00:00,4,10786,10692,94
2018-02-10 11:00:00,4,10843,10854,-11
2018-02-10 12:00:00,4,10901,10854,47
2018-02-10 13:00:00,4,2332,1944,388
2018-02-10 14:00:00,4,52,108,-56
2018-02-10 16:00:00,4,3588,3024,564
2018-02-10 17:00:00,4,10972,10854,118
2018-02-10 18:00:00,4,10594,10516,78
2018-02-10 19:00:00,4,2696,2646,50
2018-02-10 20:00:00,4,4960,4590,370
2018-02-10 21:00:00,4,10691,10638,53
2018-02-10 22:00:00,4,9516,9396,120
2018-02-10 23:00:00,4,5696,5616,80
2018-02-11 00:00:00,4,10824,10800,24
2018-02-11 01:00:00,4,10772,10638,134
2018-02-11 02:00:00,4,9873,9726,147
2018-02-11 03:00:00,4,10296,10260,36
2018-02-11 04:00:00,4,10560,10476,84
2018-02-11 05:00:00,4,10324,10206,118
2018-02-11 06:00:00,4,9476,9396,80
2018-02-11 07:00:00,4,8744,8532,212
2018-02-11 08:00:00,4,1740,1674,66
2018-02-11 09:00:00,4,124,108,16
2018-02-11 10:00:00,4,6308,5886,422
2018-02-11 11:00:00,4,16,0,16
2018-02-11 12:00:00,4,2552,2322,230
2018-02-11 13:00:00,4,10437,10286,151
2018-02-11 14:00:00,4,10068,9936,132
2018-02-11 15:00:00,4,10052,10044,8
2018-02-11 16:00:00,4,10408,10368,40
2018-02-11 17:00:00,4,10667,10476,191
2018-02-11 18:00:00,4,10412,10422,-10
2018-02-11 19:00:00,4,10048,9882,166
2018-02-11 20:00:00,4,9820,9820,0
2018-02-11 21:00:00,4,10116,9828,288
2018-02-11 22:00:00,4,7620,7398,222
2018-02-11 23:00:00,3,1870,1080,790
2018-02-11 23:00:00,4,8432,8316,116
2018-02-12 00:00:00,3,6908,6912,-4
2018-02-12 00:00:00,4,4580,4428,152
2018-02-12 01:00:00,3,10280,10044,236
2018-02-12 01:00:00,4,8696,8478,218
2018-02-12 02:00:00,3,10552,10368,184
2018-02-12 02:00:00,4,10552,10530,22
2018-02-12 03:00:00,3,10172,9990,182
2018-02-12 03:00:00,4,10124,9894,230
2018-02-12 04:00:00,3,10312,10044,268
2018-02-12 04:00:00,4,9892,9666,226
2018-02-12 05:00:00,3,1522,2052,-530
2018-02-12 05:00:00,4,10044,9990,54
2018-02-12 06:00:00,3,10258,9450,808
2018-02-12 06:00:00,4,10156,9936,220
2018-02-12 07:00:00,3,10372,10206,166
2018-02-12 07:00:00,4,10220,10152,68
2018-02-12 08:00:00,3,10352,10314,38
2018-02-12 08:00:00,4,10196,10152,44
2018-02-12 09:00:00,3,10636,10476,160
2018-02-12 09:00:00,4,10320,10260,60
2018-02-12 10:00:00,3,10544,10422,122
2018-02-12 10:00:00,4,4044,4352,-308
2018-02-12 11:00:00,3,10464,10422,42
2018-02-12 11:00:00,4,9864,9234,630
2018-02-12 12:00:00,3,10382,10280,102
2018-02-12 12:00:00,4,10615,10530,85
2018-02-12 13:00:00,3,10176,10152,24
2018-02-12 13:00:00,4,10380,10314,66
2018-02-12 14:00:00,3,9788,9720,68
2018-02-12 14:00:00,4,10320,10206,114
2018-02-12 15:00:00,3,10224,10044,180
2018-02-12 15:00:00,4,9756,9612,144
2018-02-12 16:00:00,3,10556,10368,188
2018-02-12 16:00:00,4,10584,10476,108
2018-02-12 17:00:00,3,10552,10476,76
2018-02-12 17:00:00,4,9561,9470,91
2018-02-12 18:00:00,3,10398,10300,98
2018-02-12 18:00:00,4,10676,10584,92
2018-02-12 19:00:00,3,10492,10476,16
2018-02-12 19:00:00,4,10096,10044,52
2018-02-12 20:00:00,3,10664,10530,134
2018-02-12 20:00:00,4,9528,9504,24
2018-02-12 21:00:00,3,10692,10584,108
2018-02-12 21:00:00,4,8924,8748,176
2018-02-12 22:00:00,3,10800,10854,-54
2018-02-12 22:00:00,4,7500,7614,-114
2018-02-12 23:00:00,3,10564,10368,196
2018-02-12 23:00:00,4,10371,10098,273
2018-02-13 00:00:00,3,10386,10368,18
2018-02-13 00:00:00,4,10064,9976,88
2018-02-13 01:00:00,3,5534,5730,-196
2018-02-13 01:00:00,4,10696,10692,4
2018-02-13 02:00:00,3,4586,3780,806
2018-02-13 02:00:00,4,9356,9288,68
2018-02-13 03:00:00,3,10384,10260,124
2018-02-13 03:00:00,4,10624,10476,148
2018-02-13 04:00:00,3,10292,10260,32
2018-02-13 04:00:00,4,10612,10530,82
2018-02-13 05:00:00,3,9628,9612,16
2018-02-13 05:00:00,4,10184,10152,32
2018-02-13 06:00:00,3,10432,10260,172
2018-02-13 06:00:00,4,10400,10266,134
2018-02-13 07:00:00,3,10096,10098,-2
2018-02-13 07:00:00,4,9944,9774,170
2018-02-13 08:00:00,3,10454,10368,86
2018-02-13 08:00:00,4,7644,7668,-24
2018-02-13 09:00:00,3,8720,8660,60
2018-02-13 09:00:00,4,5574,5346,228
2018-02-13 10:00:00,3,10024,9882,142
2018-02-13 10:00:00,4,10048,9990,58
2018-02-13 11:00:00,3,10192,10152,40
2018-02-13 11:00:00,4,10496,10422,74
2018-02-13 12:00:00,3,10527,10422,105
2018-02-13 12:00:00,4,9644,9504,140
2018-02-13 13:00:00,3,10680,10584,96
2018-02-13 13:00:00,4,10080,10044,36
2018-02-13 14:00:00,3,6540,6534,6
2018-02-13 14:00:00,4,5892,5696,196
2018-02-13 15:00:00,3,10029,10098,-69
2018-02-13 15:00:00,4,9320,9234,86
2018-02-13 16:00:00,3,10596,10408,188
2018-02-13 16:00:00,4,10388,10314,74
2018-02-13 17:00:00,3,10504,10368,136
2018-02-13 17:00:00,4,9700,9558,142
2018-02-13 18:00:00,3,10548,10530,18
2018-02-13 18:00:00,4,7438,7074,364
2018-02-13 19:00:00,3,10584,10476,108
2018-02-13 19:00:00,4,10464,10368,96
2018-02-13 20:00:00,3,10436,10422,14
2018-02-13 20:00:00,4,10124,9990,134
2018-02-13 21:00:00,3,10728,10638,90
2018-02-13 21:00:00,4,9916,9874,42
2018-02-13 22:00:00,3,10785,10644,141
2018-02-13 22:00:00,4,9878,9720,158
2018-02-13 23:00:00,3,10820,10800,20
2018-02-13 23:00:00,4,8408,8262,146
2018-02-14 00:00:00,3,10448,10314,134
2018-02-14 00:00:00,4,10376,10260,116
2018-02-14 01:00:00,3,10620,10422,198
2018-02-14 01:00:00,4,9936,9828,108
2018-02-14 02:00:00,3,10020,9990,30
2018-02-14 02:00:00,4,10140,9936,204
2018-02-14 03:00:00,3,10772,10692,80
2018-02-14 03:00:00,4,9972,9828,144
2018-02-14 04:00:00,3,9521,9368,153
2018-02-14 04:00:00,4,9564,9354,210
2018-02-14 05:00:00,3,9260,9180,80
2018-02-14 05:00:00,4,9890,9774,116
2018-02-14 06:00:00,3,9616,9504,112
2018-02-14 06:00:00,4,7100,7074,26
2018-02-14 07:00:00,3,8608,8640,-32
2018-02-14 07:00:00,4,10268,9990,278
2018-02-14 08:00:00,3,9392,9126,266
2018-02-14 08:00:00,4,10072,10044,28
2018-02-14 09:00:00,3,8996,8964,32
2018-02-14 09:00:00,4,10192,10152,40
2018-02-14 10:00:00,3,10456,10260,196
2018-02-14 10:00:00,4,10020,9882,138
2018-02-14 11:00:00,3,3785,3780,5
2018-02-14 11:00:00,4,5820,5864,-44
2018-02-14 12:00:00,3,52,0,52
2018-02-14 13:00:00,3,360,0,360
2018-02-14 13:00:00,4,1866,2214,-348
2018-02-14 14:00:00,3,316,0,316
2018-02-14 14:00:00,4,8438,7776,662
2018-02-14 15:00:00,3,8,0,8
2018-02-14 15:00:00,4,10584,10584,0
2018-02-14 16:00:00,3,108,0,108
2018-02-14 16:00:00,4,9940,9774,166
2018-02-14 17:00:00,3,4,0,4
2018-02-14 17:00:00,4,9392,9288,104
2018-02-14 18:00:00,3,304,0,304
2018-02-14 18:00:00,4,10272,10206,66
2018-02-14 19:00:00,3,4,0,4
2018-02-14 19:00:00,4,8936,8802,134
2018-02-14 20:00:00,4,10354,10172,182
2018-02-14 21:00:00,4,9446,9342,104
2018-02-14 22:00:00,4,9256,9072,184
2018-02-14 23:00:00,4,7572,7290,282
2018-02-15 00:00:00,3,232,0,232
2018-02-15 00:00:00,4,10304,10152,152
2018-02-15 01:00:00,3,380,0,380
2018-02-15 01:00:00,4,9844,9774,70
2018-02-15 02:00:00,4,10280,10152,128
2018-02-15 03:00:00,4,10256,10084,172
2018-02-15 04:00:00,4,20359,17859,2500
2018-02-15 05:00:00,4,10528,10368,160
2018-02-15 06:00:00,4,10208,10206,2
2018-02-15 07:00:00,4,10472,10422,50
2018-02-15 08:00:00,4,10478,10368,110
2018-02-15 09:00:00,4,10042,9936,106
2018-02-15 10:00:00,4,9424,9186,238
2018-02-15 11:00:00,4,9522,9396,126
2018-02-15 12:00:00,4,9608,9450,158
2018-02-15 13:00:00,4,8400,8100,300
2018-02-15 14:00:00,4,8948,8910,38
2018-02-15 15:00:00,4,8108,7884,224
2018-02-15 16:00:00,4,8788,8532,256
2018-02-15 17:00:00,3,6552,6526,26
2018-02-15 17:00:00,4,8868,8558,310
2018-02-15 18:00:00,3,10164,10044,120
2018-02-15 18:00:00,4,9080,8856,224
2018-02-15 19:00:00,3,9600,9612,-12
2018-02-15 19:00:00,4,7732,7452,280
2018-02-15 20:00:00,3,9784,9612,172
2018-02-15 20:00:00,4,550,1026,-476
2018-02-15 21:00:00,3,8948,9018,-70
2018-02-15 22:00:00,3,9972,9774,198
2018-02-15 23:00:00,3,10453,10422,31
2018-02-16 00:00:00,3,9268,9138,130
2018-02-16 01:00:00,3,10236,10152,84
2018-02-16 02:00:00,3,9856,9774,82
2018-02-16 03:00:00,3,10388,10206,182
2018-02-16 04:00:00,3,9744,9666,78
2018-02-16 05:00:00,3,9561,9396,165
2018-02-16 06:00:00,3,9598,9698,-100
2018-02-16 07:00:00,3,2878,2592,286
2018-02-16 08:00:00,3,9584,9288,296
2018-02-16 09:00:00,3,9772,9612,160
2018-02-16 10:00:00,3,10402,10368,34
2018-02-16 11:00:00,3,8480,8370,110
2018-02-16 12:00:00,3,10756,10584,172
2018-02-16 13:00:00,3,10375,10314,61
2018-02-16 14:00:00,3,9007,8822,185
2018-02-16 15:00:00,3,10712,10584,128
2018-02-16 16:00:00,3,10392,10314,78
2018-02-16 17:00:00,3,9216,9234,-18
2018-02-16 18:00:00,3,9392,9126,266
2018-02-16 19:00:00,3,10092,9936,156
2018-02-16 20:00:00,3,9884,9774,110
2018-02-16 21:00:00,3,10228,10084,144
2018-02-16 22:00:00,3,9612,9450,162
2018-02-16 23:00:00,3,6500,6426,74
2018-02-17 00:00:00,3,10464,10260,204
2018-02-17 01:00:00,3,10422,10314,108
2018-02-17 02:00:00,3,10780,10638,142
2018-02-17 03:00:00,3,10502,10266,236
2018-02-17 04:00:00,3,10176,10044,132
2018-02-17 05:00:00,3,10316,10206,110
2018-02-17 05:00:00,4,5813,5130,683
2018-02-17 06:00:00,3,10576,10476,100
2018-02-17 06:00:00,4,9732,9612,120
2018-02-17 07:00:00,3,9824,9666,158
2018-02-17 07:00:00,4,8927,8748,179
2018-02-17 08:00:00,3,9408,9180,228
2018-02-17 08:00:00,4,10246,10152,94
2018-02-17 09:00:00,3,8004,7884,120
2018-02-17 09:00:00,4,10727,10746,-19
2018-02-17 10:00:00,3,3394,3024,370
2018-02-17 10:00:00,4,10370,10260,110
2018-02-17 11:00:00,3,9804,9692,112
2018-02-17 11:00:00,4,9250,9180,70
2018-02-17 12:00:00,3,10424,10206,218
2018-02-17 12:00:00,4,10165,10118,47
2018-02-17 13:00:00,3,10076,10044,32
2018-02-17 13:00:00,4,10164,10044,120
2018-02-17 14:00:00,3,9976,9774,202
2018-02-17 14:00:00,4,9924,9882,42
2018-02-17 15:00:00,3,10256,10260,-4
2018-02-17 15:00:00,4,10140,10152,-12
2018-02-17 16:00:00,3,10188,9990,198
2018-02-17 16:00:00,4,9056,8856,200
2018-02-17 17:00:00,3,9866,9720,146
2018-02-17 17:00:00,4,10584,10530,54
2018-02-17 18:00:00,3,10640,10522,118
2018-02-17 18:00:00,4,10716,10624,92
2018-02-17 19:00:00,3,10108,9990,118
2018-02-17 19:00:00,4,10168,10098,70
2018-02-17 20:00:00,3,10460,10422,38
2018-02-17 20:00:00,4,10832,10800,32
2018-02-17 21:00:00,3,10292,10206,86
2018-02-17 21:00:00,4,10795,10746,49
2018-02-17 22:00:00,3,10439,10368,71
2018-02-17 22:00:00,4,10568,10530,38
2018-02-17 23:00:00,3,20045,19776,269
2018-02-17 23:00:00,4,19695,19548,147
2018-02-18 00:00:00,3,10360,10206,154
2018-02-18 00:00:00,4,10252,10050,202
2018-02-18 01:00:00,3,9884,9774,110
2018-02-18 01:00:00,4,10124,10044,80
2018-02-18 02:00:00,3,9236,9072,164
2018-02-18 02:00:00,4,10524,10422,102
2018-02-18 03:00:00,3,7252,7074,178
2018-02-18 03:00:00,4,9804,9828,-24
2018-02-18 04:00:00,3,10412,10314,98
2018-02-18 04:00:00,4,9924,9828,96
2018-02-18 05:00:00,3,10445,10368,77
2018-02-18 05:00:00,4,10236,10098,138
2018-02-18 06:00:00,3,9952,9860,92
2018-02-18 06:00:00,4,10315,10232,83
2018-02-18 07:00:00,3,7442,7776,-334
2018-02-18 07:00:00,4,9691,9666,25
2018-02-18 08:00:00,4,4623,4590,33
2018-02-18 09:00:00,4,9482,9342,140
2018-02-18 10:00:00,4,4414,4806,-392
2018-02-19 13:00:00,4,58,0,58
2018-02-19 14:00:00,4,9068,8424,644
2018-02-19 15:00:00,4,2492,2484,8
2018-02-19 16:00:00,4,10288,10206,82
2018-02-19 17:00:00,4,10828,10746,82
2018-02-19 18:00:00,4,9958,9936,22
2018-02-19 19:00:00,4,10508,10368,140
2018-02-19 20:00:00,4,10281,10260,21
2018-02-19 21:00:00,4,10537,10388,149
2018-02-19 22:00:00,4,9547,9396,151
2018-02-19 23:00:00,4,9992,10044,-52
2018-02-20 00:00:00,4,8832,8586,246
2018-02-20 01:00:00,4,8540,8478,62
2018-02-20 02:00:00,4,10452,10422,30
2018-02-20 03:00:00,3,710,54,656
2018-02-20 03:00:00,4,9784,9612,172
2018-02-20 04:00:00,3,187,270,-83
2018-02-20 04:00:00,4,10140,10084,56
2018-02-20 05:00:00,3,860,702,158
2018-02-20 05:00:00,4,9352,9234,118
2018-02-20 06:00:00,3,5556,5292,264
2018-02-20 06:00:00,4,9352,9234,118
2018-02-20 07:00:00,3,2760,2754,6
2018-02-20 07:00:00,4,8248,8316,-68
2018-02-20 08:00:00,3,1168,1080,88
2018-02-20 08:00:00,4,10511,10260,251
2018-02-20 09:00:00,3,4600,4374,226
2018-02-20 09:00:00,4,10767,10746,21
2018-02-20 10:00:00,3,6804,6588,216
2018-02-20 10:00:00,4,10850,10698,152
2018-02-20 11:00:00,3,8692,8478,214
2018-02-20 11:00:00,4,9784,9828,-44
2018-02-20 12:00:00,3,92,270,-178
2018-02-20 12:00:00,4,10463,10314,149
2018-02-20 13:00:00,3,784,702,82
2018-02-20 13:00:00,4,10248,10098,150
2018-02-20 14:00:00,3,6748,6642,106
2018-02-20 14:00:00,4,10261,10206,55
2018-02-20 15:00:00,3,3832,3402,430
2018-02-20 15:00:00,4,9468,9450,18
2018-02-20 16:00:00,3,8368,8316,52
2018-02-20 16:00:00,4,8716,8586,130
2018-02-20 17:00:00,3,8832,8694,138
2018-02-20 17:00:00,4,10463,10394,69
2018-02-20 18:00:00,3,10025,9794,231
2018-02-20 18:00:00,4,10236,10044,192
2018-02-20 19:00:00,3,9972,9828,144
2018-02-20 19:00:00,4,10784,10638,146
2018-02-20 20:00:00,3,9860,9720,140
2018-02-20 20:00:00,4,9843,9828,15
2018-02-20 21:00:00,3,9608,9396,212
2018-02-20 21:00:00,4,3738,4104,-366
2018-02-20 22:00:00,3,9304,9072,232
2018-02-20 22:00:00,4,6138,5454,684
2018-02-20 23:00:00,3,8836,8694,142
2018-02-20 23:00:00,4,10224,10152,72
2018-02-21 00:00:00,3,6382,6264,118
2018-02-21 00:00:00,4,10374,10260,114
2018-02-21 01:00:00,3,5232,5130,102
2018-02-21 01:00:00,4,8700,8694,6
2018-02-21 02:00:00,3,9139,8896,243
2018-02-21 02:00:00,4,9428,9234,194
2018-02-21 03:00:00,3,2500,2430,70
2018-02-21 03:00:00,4,10524,10584,-60
2018-02-21 04:00:00,3,5940,5832,108
2018-02-21 04:00:00,4,10304,9990,314
2018-02-21 05:00:00,3,9564,9396,168
2018-02-21 05:00:00,4,8452,8390,62
2018-02-21 06:00:00,3,9820,9558,262
2018-02-21 06:00:00,4,10656,10530,126
2018-02-21 07:00:00,3,1354,1728,-374
2018-02-21 07:00:00,4,2424,2484,-60
2018-02-21 08:00:00,4,3576,3294,282
2018-02-21 09:00:00,4,10948,10854,94
2018-02-21 10:00:00,4,3931,3834,97
2018-02-21 11:00:00,3,6202,5454,748
2018-02-21 11:00:00,4,10331,10314,17
2018-02-21 12:00:00,3,10396,10314,82
2018-02-21 12:00:00,4,10824,10692,132
2018-02-21 13:00:00,3,10071,9936,135
2018-02-21 13:00:00,4,10921,10786,135
2018-02-21 14:00:00,3,5280,5238,42
2018-02-21 14:00:00,4,10007,9936,71
2018-02-21 15:00:00,3,304,216,88
2018-02-21 15:00:00,4,10696,10638,58
2018-02-21 16:00:00,3,1408,1296,112
2018-02-21 16:00:00,4,10744,10692,52
2018-02-21 17:00:00,3,5856,5616,240
2018-02-21 17:00:00,4,10260,10152,108
2018-02-21 18:00:00,3,10636,10530,106
2018-02-21 18:00:00,4,9500,9450,50
2018-02-21 19:00:00,3,10344,10206,138
2018-02-21 19:00:00,4,10709,10590,119
2018-02-21 20:00:00,3,9669,9578,91
2018-02-21 20:00:00,4,10632,10584,48
2018-02-21 21:00:00,3,8208,8208,0
2018-02-21 21:00:00,4,10512,10368,144
2018-02-21 22:00:00,3,3352,3186,166
2018-02-21 22:00:00,4,10612,10584,28
2018-02-21 23:00:00,3,10296,10152,144
2018-02-21 23:00:00,4,7705,8100,-395
2018-02-22 00:00:00,3,10100,9882,218
2018-02-22 00:00:00,4,2126,1458,668
2018-02-22 01:00:00,3,10256,10152,104
2018-02-22 01:00:00,4,10384,10368,16
2018-02-22 02:00:00,3,9000,8802,198
2018-02-22 02:00:00,4,10804,10800,4
2018-02-22 03:00:00,3,10069,9936,133
2018-02-22 03:00:00,4,10452,10368,84
2018-02-22 04:00:00,3,9748,9706,42
2018-02-22 04:00:00,4,10344,10260,84
2018-02-22 05:00:00,3,10128,9828,300
2018-02-22 05:00:00,4,10436,10368,68
2018-02-22 06:00:00,3,9608,9504,104
2018-02-22 06:00:00,4,9568,9450,118
2018-02-22 07:00:00,3,9904,9828,76
2018-02-22 07:00:00,4,6930,6716,214
2018-02-22 08:00:00,3,10544,10476,68
2018-02-22 08:00:00,4,10356,10260,96
2018-02-22 09:00:00,3,10520,10260,260
2018-02-22 09:00:00,4,10604,10530,74
2018-02-22 10:00:00,3,10605,10482,123
2018-02-22 10:00:00,4,10671,10638,33
2018-02-22 11:00:00,3,10132,9936,196
2018-02-22 11:00:00,4,10552,10530,22
2018-02-22 12:00:00,3,10828,10692,136
2018-02-22 12:00:00,4,11032,10908,124
2018-02-22 13:00:00,3,10360,10098,262
2018-02-22 13:00:00,4,10601,10570,31
2018-02-22 14:00:00,3,10104,10098,6
2018-02-22 14:00:00,4,10336,10260,76
2018-02-22 15:00:00,3,8208,8046,162
2018-02-22 15:00:00,4,9288,9180,108
2018-02-22 16:00:00,3,9589,9396,193
2018-02-22 16:00:00,4,9996,9936,60
2018-02-22 17:00:00,3,10176,9962,214
2018-02-22 17:00:00,4,10624,10584,40
2018-02-22 18:00:00,3,10172,10098,74
2018-02-22 18:00:00,4,10416,10368,48
2018-02-22 19:00:00,3,8156,7884,272
2018-02-22 19:00:00,4,10692,10638,54
2018-02-22 20:00:00,3,9260,9018,242
2018-02-22 20:00:00,4,10796,10698,98
2018-02-22 21:00:00,3,7512,7290,222
2018-02-22 21:00:00,4,10524,10476,48
2018-02-22 22:00:00,3,10360,10260,100
2018-02-22 22:00:00,4,10944,10908,36
2018-02-22 23:00:00,3,10153,9990,163
2018-02-22 23:00:00,4,10512,10422,90
2018-02-23 00:00:00,3,10168,9928,240
2018-02-23 00:00:00,4,10564,10476,88
2018-02-23 01:00:00,3,9716,9612,104
2018-02-23 01:00:00,4,10124,10098,26
2018-02-23 02:00:00,3,8939,8802,137
2018-02-23 02:00:00,4,10748,10610,138
2018-02-23 03:00:00,3,9612,9612,0
2018-02-23 03:00:00,4,10672,10584,88
2018-02-23 04:00:00,3,10096,9720,376
2018-02-23 04:00:00,4,10356,10314,42
2018-02-23 05:00:00,3,8660,8586,74
2018-02-23 05:00:00,4,10320,10260,60
2018-02-23 06:00:00,3,10224,9990,234
2018-02-23 06:00:00,4,10480,10368,112
2018-02-23 07:00:00,3,10360,10218,142
2018-02-23 07:00:00,4,9880,9774,106
2018-02-23 08:00:00,3,9604,9396,208
2018-02-23 08:00:00,4,10232,10306,-74
2018-02-23 09:00:00,3,10420,10206,214
2018-02-23 09:00:00,4,10184,9990,194
2018-02-23 10:00:00,3,10376,10314,62
2018-02-23 10:00:00,4,10500,10368,132
2018-02-23 11:00:00,3,9892,9666,226
2018-02-23 11:00:00,4,10200,10152,48
2018-02-23 12:00:00,3,10088,9882,206
2018-02-23 12:00:00,4,10564,10476,88
2018-02-23 13:00:00,3,2702,3132,-430
2018-02-23 13:00:00,4,10888,10854,34
2018-02-23 14:00:00,3,4958,4212,746
2018-02-23 14:00:00,4,10356,10206,150
2018-02-23 15:00:00,3,10164,10044,120
2018-02-23 15:00:00,4,10120,10002,118
2018-02-23 16:00:00,3,8964,8856,108
2018-02-23 16:00:00,4,9988,10044,-56
2018-02-23 17:00:00,3,9148,8910,238
2018-02-23 17:00:00,4,9564,9288,276
2018-02-23 18:00:00,3,9560,9342,218
2018-02-23 18:00:00,4,10344,10314,30
2018-02-23 19:00:00,3,9184,8910,274
2018-02-23 19:00:00,4,10456,10368,88
2018-02-23 20:00:00,3,9512,9396,116
2018-02-23 20:00:00,4,9832,9774,58
2018-02-23 21:00:00,3,9078,8984,94
2018-02-23 21:00:00,4,8268,8132,136
2018-02-23 22:00:00,3,10184,9936,248
2018-02-23 22:00:00,4,10172,10044,128
2018-02-23 23:00:00,3,10004,9720,284
2018-02-23 23:00:00,4,2394,2916,-522
2018-02-24 00:00:00,3,10220,10044,176
2018-02-24 00:00:00,4,8368,7614,754
2018-02-24 01:00:00,3,9624,9396,228
2018-02-24 01:00:00,4,10508,10476,32
2018-02-24 02:00:00,3,9632,9504,128
2018-02-24 02:00:00,4,10336,10206,130
2018-02-24 03:00:00,3,10128,9774,354
2018-02-24 03:00:00,4,10856,10854,2
2018-02-24 04:00:00,3,10082,9814,268
2018-02-24 04:00:00,4,10160,10044,116
2018-02-24 05:00:00,3,7072,6750,322
2018-02-24 05:00:00,4,9396,9396,0
2018-02-24 06:00:00,3,10288,10044,244
2018-02-24 06:00:00,4,10788,10604,184
2018-02-24 07:00:00,3,9904,9558,346
2018-02-24 07:00:00,4,10716,10692,24
2018-02-24 08:00:00,3,10164,9936,228
2018-02-24 08:00:00,4,3624,3672,-48
2018-02-24 09:00:00,3,10488,10206,282
2018-02-24 09:00:00,4,10576,10368,208
2018-02-24 10:00:00,3,10094,9882,212
2018-02-24 10:00:00,4,10760,10692,68
2018-02-24 11:00:00,3,10052,9780,272
2018-02-24 11:00:00,4,10416,10368,48
2018-02-24 12:00:00,3,10284,9882,402
2018-02-24 12:00:00,4,10344,10260,84
2018-02-24 13:00:00,3,9200,8964,236
2018-02-24 13:00:00,4,10640,10516,124
2018-02-24 14:00:00,3,10868,10638,230
2018-02-24 14:00:00,4,10432,10368,64
2018-02-24 15:00:00,3,9884,9612,272
2018-02-24 15:00:00,4,10996,10962,34
2018-02-24 16:00:00,3,9544,9180,364
2018-02-24 16:00:00,4,10452,10314,138
2018-02-24 17:00:00,3,9686,9558,128
2018-02-24 17:00:00,4,10572,10584,-12
2018-02-24 18:00:00,3,10100,9908,192
2018-02-24 18:00:00,4,10538,10476,62
2018-02-24 19:00:00,3,9972,9828,144
2018-02-24 19:00:00,4,10954,10806,148
2018-02-24 20:00:00,3,8204,7830,374
2018-02-24 20:00:00,4,10504,10476,28
2018-02-24 21:00:00,3,4120,3942,178
2018-02-24 21:00:00,4,10412,10260,152
2018-02-24 22:00:00,3,10120,9882,238
2018-02-24 22:00:00,4,10246,10206,40
2018-02-24 23:00:00,3,9228,9072,156
2018-02-24 23:00:00,4,10356,10314,42
2018-02-25 00:00:00,3,10298,10098,200
2018-02-25 00:00:00,4,10592,10476,116
2018-02-25 01:00:00,3,9744,9280,464
2018-02-25 01:00:00,4,10430,10368,62
2018-02-25 02:00:00,3,9944,9720,224
2018-02-25 02:00:00,4,10644,10502,142
2018-02-25 03:00:00,3,9760,9450,310
2018-02-25 03:00:00,4,10832,10746,86
2018-02-25 04:00:00,3,9028,8640,388
2018-02-25 04:00:00,4,10828,10800,28
2018-02-25 05:00:00,3,10368,9936,432
2018-02-25 05:00:00,4,4160,4266,-106
2018-02-25 06:00:00,3,9747,9396,351
2018-02-25 06:00:00,4,9924,9504,420
2018-02-25 07:00:00,3,10221,9936,285
2018-02-25 07:00:00,4,10124,10044,80
2018-02-25 08:00:00,3,6784,6492,292
2018-02-25 08:00:00,4,8844,8802,42
2018-02-25 09:00:00,3,10356,10152,204
2018-02-25 09:00:00,4,10248,10044,204
2018-02-25 10:00:00,3,10324,10098,226
2018-02-25 10:00:00,4,10783,10746,37
2018-02-25 11:00:00,3,9756,9504,252
2018-02-25 11:00:00,4,10720,10584,136
2018-02-25 12:00:00,3,10588,10422,166
2018-02-25 12:00:00,4,10908,10766,142
2018-02-25 13:00:00,3,7912,7722,190
2018-02-25 13:00:00,4,8364,8316,48
2018-02-25 14:00:00,3,5105,4968,137
2018-02-25 14:00:00,4,5104,5022,82
2018-02-25 15:00:00,3,1930,2430,-500
2018-02-25 15:00:00,4,10568,10530,38
2018-02-25 16:00:00,3,9674,8748,926
2018-02-25 16:00:00,4,10336,10206,130
2018-02-25 17:00:00,3,9960,9882,78
2018-02-25 17:00:00,4,10528,10476,52
2018-02-25 18:00:00,3,9644,9504,140
2018-02-25 18:00:00,4,10516,10368,148
2018-02-25 19:00:00,3,10352,10260,92
2018-02-25 19:00:00,4,9291,9112,179
2018-02-25 20:00:00,3,10440,10260,180
2018-02-25 20:00:00,4,10948,10854,94
2018-02-25 21:00:00,3,9344,9180,164
2018-02-25 21:00:00,4,9904,9774,130
2018-02-25 22:00:00,3,10102,10010,92
2018-02-25 22:00:00,4,9923,9882,41
2018-02-25 23:00:00,3,10640,10422,218
2018-02-25 23:00:00,4,10651,10476,175
2018-02-26 00:00:00,3,10552,10422,130
2018-02-26 00:00:00,4,10124,9990,134
2018-02-26 01:00:00,3,10640,10638,2
2018-02-26 01:00:00,4,7971,7938,33
2018-02-26 02:00:00,3,10096,9936,160
2018-02-26 02:00:00,4,6654,6432,222
2018-02-26 03:00:00,3,10076,9882,194
2018-02-26 03:00:00,4,10748,10584,164
2018-02-26 04:00:00,3,10214,10098,116
2018-02-26 04:00:00,4,4324,4158,166
2018-02-26 05:00:00,3,9984,9760,224
2018-02-26 05:00:00,4,1224,756,468
2018-02-26 06:00:00,3,9836,9720,116
2018-02-26 06:00:00,4,9892,27654,-17762
2018-02-26 07:00:00,3,9704,9504,200
2018-02-26 07:00:00,4,8868,8748,120
2018-02-26 08:00:00,3,9544,9342,202
2018-02-26 08:00:00,4,7528,7560,-32
2018-02-26 09:00:00,3,10176,9936,240
2018-02-26 09:00:00,4,7936,7560,376
2018-02-26 10:00:00,3,9704,9342,362
2018-02-26 10:00:00,4,8200,8046,154
2018-02-26 11:00:00,3,10134,9780,354
2018-02-26 11:00:00,4,2426,2484,-58
2018-02-26 12:00:00,3,9276,9018,258
2018-02-26 12:00:00,4,7472,7262,210
2018-02-26 13:00:00,3,9784,9558,226
2018-02-26 13:00:00,4,8292,8046,246
2018-02-26 14:00:00,3,10112,9828,284
2018-02-26 14:00:00,4,10272,10152,120
2018-02-26 15:00:00,3,10468,10152,316
2018-02-26 15:00:00,4,9176,9018,158
2018-02-26 16:00:00,3,10020,9558,462
2018-02-26 16:00:00,4,4882,5292,-410
2018-02-26 17:00:00,3,9316,9072,244
2018-02-26 18:00:00,3,9226,8990,236
2018-02-26 18:00:00,4,5214,4374,840
2018-02-26 19:00:00,3,9996,9666,330
2018-02-26 19:00:00,4,5827,5832,-5
2018-02-26 20:00:00,3,9724,9504,220
2018-02-26 20:00:00,4,10100,9774,326
2018-02-26 21:00:00,3,9948,9720,228
2018-02-26 21:00:00,4,10296,10098,198
2018-02-26 22:00:00,3,10320,10098,222
2018-02-26 22:00:00,4,9734,9612,122
2018-02-26 23:00:00,3,9080,8802,278
2018-02-26 23:00:00,4,7612,7452,160
2018-02-27 00:00:00,3,9122,8910,212
2018-02-27 00:00:00,4,4828,4698,130
2018-02-27 01:00:00,3,10444,10306,138
2018-02-27 01:00:00,4,1472,1404,68
2018-02-27 02:00:00,3,10576,10260,316
2018-02-27 02:00:00,4,5216,4968,248
2018-02-27 03:00:00,3,9692,9396,296
2018-02-27 03:00:00,4,10395,10226,169
2018-02-27 04:00:00,3,9438,9180,258
2018-02-27 04:00:00,4,10320,10206,114
2018-02-27 05:00:00,3,10466,10314,152
2018-02-27 05:00:00,4,9715,9558,157
2018-02-27 06:00:00,3,8940,8802,138
2018-02-27 06:00:00,4,9331,9180,151
2018-02-27 07:00:00,3,9832,9666,166
2018-02-27 07:00:00,4,10196,10098,98
2018-02-27 08:00:00,3,10060,9786,274
2018-02-27 08:00:00,4,9940,9828,112
2018-02-27 09:00:00,3,10308,10152,156
2018-02-27 09:00:00,4,9076,8964,112
2018-02-27 10:00:00,3,9604,9558,46
2018-02-27 10:00:00,4,5901,5710,191
2018-02-27 11:00:00,3,876,918,-42
2018-02-27 12:00:00,3,3408,3240,168
2018-02-27 12:00:00,4,0,54,-54
2018-02-27 13:00:00,3,9188,8856,332
2018-02-27 13:00:00,4,6556,6318,238
2018-02-27 14:00:00,3,9972,9828,144
2018-02-27 14:00:00,4,8600,8370,230
2018-02-27 15:00:00,3,10084,9882,202
2018-02-27 15:00:00,4,9372,9288,84
2018-02-27 16:00:00,3,9451,9212,239
2018-02-27 16:00:00,4,7018,6858,160
2018-02-27 17:00:00,3,3894,4266,-372
2018-02-27 17:00:00,4,8312,8046,266
2018-02-27 18:00:00,3,730,54,676
2018-02-27 18:00:00,4,9204,9018,186
2018-02-27 19:00:00,3,6996,7020,-24
2018-02-27 19:00:00,4,9472,9288,184
2018-02-27 20:00:00,3,64,54,10
2018-02-27 20:00:00,4,8251,8052,199
2018-02-27 21:00:00,3,4072,3672,400
2018-02-27 21:00:00,4,5544,5346,198
2018-02-27 22:00:00,3,8612,8532,80
2018-02-27 22:00:00,4,8510,8262,248
2018-02-27 23:00:00,3,9728,9612,116
2018-02-27 23:00:00,4,9767,9450,317
2018-02-28 00:00:00,3,4392,4158,234
2018-02-28 00:00:00,4,9420,9396,24
2018-02-28 01:00:00,3,5524,4968,556
2018-02-28 01:00:00,4,7856,7452,404
2018-02-28 02:00:00,3,9916,9774,142
2018-02-28 02:00:00,4,854,1296,-442
2018-02-28 03:00:00,3,9112,9072,40
2018-02-28 04:00:00,3,10122,9902,220
2018-02-28 05:00:00,3,8364,8478,-114
2018-02-28 06:00:00,3,8789,8532,257
2018-02-28 07:00:00,3,10168,9990,178
2018-02-28 08:00:00,3,10144,10044,100
2018-02-28 09:00:00,3,10476,10368,108
2018-02-28 09:00:00,4,1218,540,678
2018-02-28 10:00:00,3,9380,9288,92
2018-02-28 10:00:00,4,7323,6858,465
2018-02-28 11:00:00,3,10231,10246,-15
2018-02-28 11:00:00,4,7664,7452,212
2018-02-28 12:00:00,3,10376,10152,224
2018-02-28 12:00:00,4,10004,9720,284
2018-02-28 13:00:00,3,9928,9774,154
2018-02-28 13:00:00,4,10288,10044,244
2018-02-28 14:00:00,3,10736,10584,152
2018-02-28 14:00:00,4,9660,9288,372
2018-02-28 15:00:00,3,9988,9882,106
2018-02-28 15:00:00,4,3268,3024,244
2018-02-28 16:00:00,3,10692,10584,108
2018-02-28 16:00:00,4,9792,9504,288
2018-02-28 17:00:00,3,9559,9396,163
2018-02-28 17:00:00,4,10257,10118,139
2018-02-28 18:00:00,3,10708,10428,280
2018-02-28 18:00:00,4,10172,9936,236
2018-02-28 19:00:00,3,10812,10800,12
2018-02-28 19:00:00,4,8360,8208,152
2018-02-28 20:00:00,3,9960,9720,240
2018-02-28 20:00:00,4,176,270,-94
2018-02-28 21:00:00,3,10712,10530,182
2018-02-28 21:00:00,4,10620,10368,252
2018-02-28 22:00:00,3,10832,10800,32
2018-02-28 22:00:00,4,10348,10152,196
2018-02-28 23:00:00,3,10404,10206,198
2018-02-28 23:00:00,4,10335,10152,183
2018-03-01 00:00:00,3,7447,7316,131
2018-03-01 00:00:00,4,7480,7344,136
2018-03-01 01:00:00,3,10296,10260,36
2018-03-01 01:00:00,4,10116,9922,194
2018-03-01 02:00:00,3,10508,10422,86
2018-03-01 02:00:00,4,896,1026,-130
2018-03-01 03:00:00,3,10136,9882,254
2018-03-01 04:00:00,3,10560,10422,138
2018-03-01 05:00:00,3,10756,10638,118
2018-03-01 06:00:00,3,9975,9828,147
2018-03-01 07:00:00,3,7676,7552,124
2018-03-01 07:00:00,4,7272,6696,576
2018-03-01 08:00:00,3,9076,8802,274
2018-03-01 08:00:00,4,9652,9666,-14
2018-03-01 09:00:00,3,10420,10206,214
2018-03-01 09:00:00,4,10240,9990,250
2018-03-01 10:00:00,3,9952,9774,178
2018-03-01 10:00:00,4,10180,10044,136
2018-03-01 11:00:00,3,10024,9936,88
2018-03-01 11:00:00,4,10752,10638,114
2018-03-01 12:00:00,3,8062,8316,-254
2018-03-01 12:00:00,4,9616,9504,112
2018-03-01 13:00:00,4,5496,5400,96
2018-03-01 14:00:00,4,9664,9348,316
2018-03-01 15:00:00,3,6326,5670,656
2018-03-01 15:00:00,4,8828,8748,80
2018-03-01 16:00:00,3,10720,10422,298
2018-03-01 16:00:00,4,8920,8748,172
2018-03-01 17:00:00,3,10144,9774,370
2018-03-01 17:00:00,4,10811,10638,173
2018-03-01 18:00:00,3,10652,10422,230
2018-03-01 18:00:00,4,10572,10476,96
2018-03-01 19:00:00,3,10048,9936,112
2018-03-01 19:00:00,4,9602,9396,206
2018-03-01 20:00:00,3,6176,5994,182
2018-03-01 20:00:00,4,10533,10340,193
2018-03-01 21:00:00,3,9912,9774,138
2018-03-01 21:00:00,4,10568,10368,200
2018-03-01 22:00:00,3,10244,10172,72
2018-03-01 22:00:00,4,9400,9180,220
2018-03-01 23:00:00,3,9500,9234,266
2018-03-01 23:00:00,4,10492,10368,124
2018-03-02 00:00:00,3,10252,10206,46
2018-03-02 00:00:00,4,10248,10152,96
2018-03-02 01:00:00,3,9708,9612,96
2018-03-02 01:00:00,4,10076,9882,194
2018-03-02 02:00:00,3,10324,10152,172
2018-03-02 02:00:00,4,9982,9936,46
2018-03-02 03:00:00,3,10484,10476,8
2018-03-02 03:00:00,4,10123,9874,249
2018-03-02 04:00:00,3,10128,9922,206
2018-03-02 04:00:00,4,9916,9882,34
2018-03-02 05:00:00,3,10076,9990,86
2018-03-02 05:00:00,4,10284,10098,186
2018-03-02 06:00:00,3,9904,9828,76
2018-03-02 06:00:00,4,9898,9828,70
2018-03-02 07:00:00,3,9433,9450,-17
2018-03-02 07:00:00,4,9420,9288,132
2018-03-02 08:00:00,3,10044,9828,216
2018-03-02 08:00:00,4,10464,10422,42
2018-03-02 09:00:00,3,10201,10152,49
2018-03-02 09:00:00,4,9945,9666,279
2018-03-02 10:00:00,3,10440,10314,126
2018-03-02 10:00:00,4,10024,9894,130
2018-03-02 11:00:00,3,10184,10104,80
2018-03-02 11:00:00,4,9748,9612,136
2018-03-02 12:00:00,3,5476,5616,-140
2018-03-02 12:00:00,4,10608,10422,186
2018-03-02 13:00:00,3,2132,1836,296
2018-03-02 13:00:00,4,9908,9774,134
2018-03-02 14:00:00,3,10448,10206,242
2018-03-02 14:00:00,4,9792,9666,126
2018-03-02 15:00:00,3,10092,10044,48
2018-03-02 15:00:00,4,10124,10044,80
2018-03-02 16:00:00,3,10312,10206,106
2018-03-02 16:00:00,4,9789,9590,199
2018-03-02 17:00:00,3,10613,10530,83
2018-03-02 17:00:00,4,7326,7722,-396
2018-03-02 18:00:00,3,10196,10098,98
2018-03-02 18:00:00,4,6070,5400,670
2018-03-02 19:00:00,3,10424,10286,138
2018-03-02 19:00:00,4,10008,9882,126
2018-03-02 20:00:00,3,9820,9774,46
2018-03-02 20:00:00,4,10589,10476,113
2018-03-02 21:00:00,3,7504,7452,52
2018-03-02 21:00:00,4,9807,9774,33
2018-03-02 22:00:00,4,10952,10800,152
2018-03-02 23:00:00,4,9830,9666,164
2018-03-03 00:00:00,4,10214,10064,150
2018-03-03 01:00:00,4,10280,10206,74
2018-03-03 02:00:00,3,2728,2826,-98
2018-03-03 02:00:00,4,10296,10098,198
2018-03-03 03:00:00,3,9152,8964,188
2018-03-03 03:00:00,4,10594,10422,172
2018-03-03 04:00:00,3,10296,10152,144
2018-03-03 04:00:00,4,10074,9936,138
2018-03-03 05:00:00,3,9990,9882,108
2018-03-03 05:00:00,4,10484,10368,116
2018-03-03 06:00:00,3,10324,10118,206
2018-03-03 06:00:00,4,9760,9666,94
2018-03-03 07:00:00,3,10648,10584,64
2018-03-03 07:00:00,4,9142,8950,192
2018-03-03 08:00:00,3,9740,9396,344
2018-03-03 08:00:00,4,9998,9774,224
2018-03-03 09:00:00,3,9820,9828,-8
2018-03-03 09:00:00,4,9020,8748,272
2018-03-03 10:00:00,3,9508,9288,220
2018-03-03 10:00:00,4,9472,9234,238
2018-03-03 11:00:00,3,5208,5238,-30
2018-03-03 11:00:00,4,5400,5400,0
2018-03-04 17:00:00,3,2404,2214,190
2018-03-04 17:00:00,4,7704,7344,360
2018-03-04 18:00:00,3,8552,8478,74
2018-03-04 18:00:00,4,9410,9234,176
2018-03-04 19:00:00,3,5304,5170,134
2018-03-04 19:00:00,4,10258,9882,376
2018-03-04 20:00:00,3,8512,8424,88
2018-03-04 20:00:00,4,10106,9834,272
2018-03-04 21:00:00,4,10560,10368,192
2018-03-04 22:00:00,3,108,0,108
2018-03-04 22:00:00,4,8418,8154,264
2018-03-04 23:00:00,3,3002,3402,-400
2018-03-04 23:00:00,4,10144,9936,208
2018-03-05 00:00:00,3,7358,6642,716
2018-03-05 00:00:00,4,7440,7128,312
2018-03-05 01:00:00,3,10138,10044,94
2018-03-05 01:00:00,4,10416,10206,210
2018-03-05 02:00:00,3,10532,10368,164
2018-03-05 02:00:00,4,9134,8964,170
2018-03-05 03:00:00,3,10120,10098,22
2018-03-05 03:00:00,4,9768,9530,238
2018-03-05 04:00:00,3,10588,10260,328
2018-03-05 04:00:00,4,8676,8532,144
2018-03-05 05:00:00,3,9830,9828,2
2018-03-05 05:00:00,4,9568,9288,280
2018-03-05 06:00:00,3,10374,10064,310
2018-03-05 06:00:00,4,7784,7722,62
2018-03-05 07:00:00,3,10564,10368,196
2018-03-05 07:00:00,4,6724,6426,298
2018-03-05 08:00:00,3,10497,10368,129
2018-03-05 08:00:00,4,9399,9180,219
2018-03-05 09:00:00,3,10828,10584,244
2018-03-05 09:00:00,4,7879,7668,211
2018-03-05 10:00:00,3,10436,10260,176
2018-03-05 10:00:00,4,6013,5994,19
2018-03-05 11:00:00,3,10532,10314,218
2018-03-05 11:00:00,4,7824,7606,218
2018-03-05 12:00:00,3,8932,8802,130
2018-03-05 12:00:00,4,1760,1782,-22
2018-03-05 13:00:00,3,10355,10192,163
2018-03-05 13:00:00,4,2388,2214,174
2018-03-05 14:00:00,3,6422,6696,-274
2018-03-05 14:00:00,4,4928,4914,14
2018-03-05 15:00:00,3,5582,4860,722
2018-03-05 15:00:00,4,8036,7830,206
2018-03-05 16:00:00,3,10196,10152,44
2018-03-05 16:00:00,4,6242,6102,140
2018-03-05 17:00:00,3,9627,9396,231
2018-03-05 17:00:00,4,10388,10260,128
2018-03-05 18:00:00,3,10352,10098,254
2018-03-05 18:00:00,4,9488,9342,146
2018-03-05 19:00:00,3,10387,10314,73
2018-03-05 19:00:00,4,8664,8586,78
2018-03-05 20:00:00,3,10415,10260,155
2018-03-05 20:00:00,4,10754,10542,212
2018-03-05 21:00:00,3,10265,10098,167
2018-03-05 21:00:00,4,10186,10098,88
2018-03-05 22:00:00,3,9952,9740,212
2018-03-05 22:00:00,4,10200,10044,156
2018-03-05 23:00:00,3,9972,9882,90
2018-03-05 23:00:00,4,10288,10098,190
2018-03-06 00:00:00,3,6992,6858,134
2018-03-06 00:00:00,4,5922,5778,144
2018-03-06 01:00:00,3,7672,7614,58
2018-03-06 01:00:00,4,9650,9612,38
2018-03-06 02:00:00,3,5652,5508,144
2018-03-06 02:00:00,4,9818,9612,206
2018-03-06 03:00:00,3,10720,10638,82
2018-03-06 03:00:00,4,9436,9396,40
2018-03-06 04:00:00,3,10980,10908,72
2018-03-06 04:00:00,4,10208,9968,240
2018-03-06 05:00:00,3,7558,7600,-42
2018-03-06 05:00:00,4,6546,6804,-258
2018-03-06 06:00:00,3,9712,9504,208
2018-03-06 07:00:00,3,10380,10260,120
2018-03-06 07:00:00,4,3130,2484,646
2018-03-06 08:00:00,3,10060,10044,16
2018-03-06 08:00:00,4,404,486,-82
2018-03-06 09:00:00,3,10468,10368,100
2018-03-06 09:00:00,4,3040,2916,124
2018-03-06 10:00:00,3,9476,9342,134
2018-03-06 10:00:00,4,7449,7290,159
2018-03-06 11:00:00,3,10534,10476,58
2018-03-06 11:00:00,4,10375,10260,115
2018-03-06 12:00:00,3,10276,10104,172
2018-03-06 12:00:00,4,9846,9612,234
2018-03-06 13:00:00,3,9988,9936,52
2018-03-06 13:00:00,4,9798,9558,240
2018-03-06 14:00:00,3,10496,10368,128
2018-03-06 14:00:00,4,3912,3780,132
2018-03-06 15:00:00,3,10464,10314,150
2018-03-06 15:00:00,4,9834,9720,114
2018-03-06 16:00:00,3,10268,10206,62
2018-03-06 16:00:00,4,10292,10172,120
2018-03-06 17:00:00,3,10296,10206,90
2018-03-06 17:00:00,4,10158,10044,114
2018-03-06 18:00:00,3,10554,10340,214
2018-03-06 18:00:00,4,9424,9342,82
2018-03-06 19:00:00,3,8554,8964,-410
2018-03-06 19:00:00,4,7442,7830,-388
2018-03-08 07:00:00,3,2066,1458,608
2018-03-08 07:00:00,4,441,0,441
2018-03-08 08:00:00,3,10892,10800,92
2018-03-08 09:00:00,3,10212,10152,60
2018-03-08 09:00:00,4,6171,5940,231
2018-03-08 10:00:00,3,8666,8910,-244
2018-03-08 10:00:00,4,10307,10152,155
2018-03-08 11:00:00,4,10280,10152,128
2018-03-08 12:00:00,3,2774,2106,668
2018-03-08 12:00:00,4,10665,10530,135
2018-03-08 13:00:00,3,10572,10422,150
2018-03-08 13:00:00,4,6613,6466,147
2018-03-08 14:00:00,3,7556,7452,104
2018-03-08 14:00:00,4,9981,9828,153
2018-03-08 15:00:00,3,9928,9882,46
2018-03-08 15:00:00,4,7051,7074,-23
2018-03-08 16:00:00,3,10295,10152,143
2018-03-08 16:00:00,4,10458,10260,198
2018-03-08 17:00:00,3,9771,9720,51
2018-03-08 17:00:00,4,10108,9990,118
2018-03-08 18:00:00,3,9532,9342,190
2018-03-08 18:00:00,4,10252,10206,46
2018-03-08 19:00:00,3,9488,9416,72
2018-03-08 19:00:00,4,10096,9882,214
2018-03-08 20:00:00,3,2128,1998,130
2018-03-08 20:00:00,4,9596,9402,194
2018-03-08 21:00:00,3,8740,8748,-8
2018-03-08 21:00:00,4,9596,9450,146
2018-03-08 22:00:00,3,9948,9720,228
2018-03-08 22:00:00,4,9424,9234,190
2018-03-08 23:00:00,3,9960,9828,132
2018-03-08 23:00:00,4,9921,9774,147
2018-03-09 00:00:00,3,10580,10476,104
2018-03-09 00:00:00,4,9814,9558,256
2018-03-09 01:00:00,3,7264,7074,190
2018-03-09 01:00:00,4,9562,9504,58
2018-03-09 02:00:00,3,10220,9936,284
2018-03-09 02:00:00,4,9510,9342,168
2018-03-09 03:00:00,3,9152,9058,94
2018-03-09 03:00:00,4,10349,10124,225
2018-03-09 04:00:00,3,9608,9396,212
2018-03-09 04:00:00,4,9664,9612,52
2018-03-09 05:00:00,3,8836,8694,142
2018-03-09 05:00:00,4,9874,9558,316
2018-03-09 06:00:00,3,9908,9666,242
2018-03-09 06:00:00,4,1733,2268,-535
2018-03-09 07:00:00,3,10088,9882,206
2018-03-09 08:00:00,3,10356,10260,96
2018-03-09 09:00:00,3,2548,9908,-7360
2018-03-09 10:00:00,3,0,9876,-9876
2018-03-09 11:00:00,3,9492,9617,-125
2018-03-09 12:00:00,3,9760,9558,202
2018-03-09 13:00:00,3,9832,9666,166
2018-03-09 14:00:00,3,10064,9936,128
2018-03-09 14:00:00,4,4,0,4
2018-03-09 15:00:00,3,10472,10206,266
2018-03-09 15:00:00,4,82,216,-134
2018-03-09 16:00:00,3,9760,9638,122
2018-03-09 16:00:00,4,402,0,402
2018-03-09 17:00:00,3,9420,9234,186
2018-03-09 17:00:00,4,7310,6858,452
2018-03-09 18:00:00,3,10236,10152,84
2018-03-09 18:00:00,4,8136,7722,414
2018-03-09 19:00:00,3,9372,9234,138
2018-03-09 19:00:00,4,4988,4752,236
2018-03-09 20:00:00,3,3694,4050,-356
2018-03-09 20:00:00,4,5736,5562,174
2018-03-09 21:00:00,4,6086,5832,254
2018-03-09 22:00:00,3,2318,1782,536
2018-03-09 22:00:00,4,6928,6750,178
2018-03-09 23:00:00,3,7664,7290,374
2018-03-09 23:00:00,4,5908,5616,292
2018-03-10 00:00:00,3,9628,9396,232
2018-03-10 00:00:00,4,1328,1242,86
2018-03-10 01:00:00,3,10468,10206,262
2018-03-10 01:00:00,4,7848,7722,126
2018-03-10 02:00:00,3,10768,10584,184
2018-03-10 02:00:00,4,10647,10530,117
2018-03-10 03:00:00,3,9186,9504,-318
2018-03-10 03:00:00,4,9773,9740,33
2018-03-10 04:00:00,3,5354,4698,656
2018-03-10 04:00:00,4,10389,10314,75
2018-03-10 05:00:00,3,9992,9828,164
2018-03-10 05:00:00,4,10573,10530,43
2018-03-10 06:00:00,3,10288,10098,190
2018-03-10 06:00:00,4,9957,9828,129
2018-03-10 07:00:00,3,9268,9072,196
2018-03-10 07:00:00,4,10712,10692,20
2018-03-10 08:00:00,3,9704,9504,200
2018-03-10 08:00:00,4,10672,10530,142
2018-03-10 09:00:00,3,10416,10260,156
2018-03-10 09:00:00,4,9878,9868,10
2018-03-10 10:00:00,3,10392,10152,240
2018-03-10 10:00:00,4,10032,9990,42
2018-03-10 11:00:00,3,7905,7850,55
2018-03-10 11:00:00,4,9744,9612,132
2018-03-10 12:00:00,3,9768,9504,264
2018-03-10 12:00:00,4,9250,9234,16
2018-03-10 13:00:00,3,8852,8694,158
2018-03-10 13:00:00,4,10778,10638,140
2018-03-10 14:00:00,3,10036,9774,262
2018-03-10 14:00:00,4,10888,10800,88
2018-03-10 15:00:00,3,2068,2160,-92
2018-03-10 15:00:00,4,9861,9828,33
2018-03-10 16:00:00,3,8716,8316,400
2018-03-10 16:00:00,4,10520,10320,200
2018-03-10 17:00:00,3,8828,8478,350
2018-03-10 17:00:00,4,10524,10530,-6
2018-03-10 18:00:00,3,10416,10206,210
2018-03-10 18:00:00,4,3336,10634,-7298
2018-03-10 19:00:00,3,10064,9882,182
2018-03-10 19:00:00,4,0,6776,-6776
2018-03-10 20:00:00,3,9556,9396,160
2018-03-10 20:00:00,4,9807,9995,-188
2018-03-10 21:00:00,3,9820,9558,262
2018-03-10 21:00:00,4,10316,10206,110
2018-03-10 22:00:00,3,9100,8802,298
2018-03-10 22:00:00,4,10762,10610,152
2018-03-10 23:00:00,3,10364,10226,138
2018-03-10 23:00:00,4,9930,9882,48
2018-03-11 00:00:00,3,9064,8856,208
2018-03-11 00:00:00,4,9856,9720,136
2018-03-11 01:00:00,3,10520,10260,260
2018-03-11 01:00:00,4,10358,10368,-10
2018-03-11 02:00:00,3,10632,10476,156
2018-03-11 02:00:00,4,9334,9072,262
2018-03-11 03:00:00,3,10328,10152,176
2018-03-11 03:00:00,4,4750,4752,-2
2018-03-11 04:00:00,3,10184,10044,140
2018-03-11 04:00:00,4,10445,10206,239
2018-03-11 05:00:00,3,3932,3672,260
2018-03-11 05:00:00,4,9567,9504,63
2018-03-11 06:00:00,3,10280,10206,74
2018-03-11 06:00:00,4,10199,9936,263
2018-03-11 07:00:00,3,10624,10530,94
2018-03-11 07:00:00,4,10784,10584,200
2018-03-11 08:00:00,3,10336,10206,130
2018-03-11 08:00:00,4,9528,9558,-30
2018-03-11 09:00:00,3,9688,9612,76
2018-03-11 09:00:00,4,9714,9558,156
2018-03-11 10:00:00,3,9656,9504,152
2018-03-11 10:00:00,4,10339,10172,167
2018-03-11 11:00:00,3,9704,9612,92
2018-03-11 11:00:00,4,10048,9936,112
2018-03-11 12:00:00,3,10750,10550,200
2018-03-11 12:00:00,4,9656,9504,152
2018-03-11 13:00:00,3,10308,10098,210
2018-03-11 13:00:00,4,8758,9126,-368
2018-03-11 14:00:00,3,10908,10800,108
2018-03-11 14:00:00,4,3182,2538,644
2018-03-11 15:00:00,3,8220,8100,120
2018-03-11 15:00:00,4,9156,9018,138
2018-03-11 16:00:00,3,9892,9774,118
2018-03-11 16:00:00,4,10284,10206,78
2018-03-11 17:00:00,3,9284,9018,266
2018-03-11 17:00:00,4,9684,9612,72
2018-03-11 18:00:00,3,10050,9828,222
2018-03-11 18:00:00,4,10088,9990,98
2018-03-11 19:00:00,3,9987,9814,173
2018-03-11 19:00:00,4,10532,10476,56
2018-03-11 20:00:00,3,10384,10314,70
2018-03-11 20:00:00,4,10836,10800,36
2018-03-11 21:00:00,3,9776,9504,272
2018-03-11 21:00:00,4,10498,10334,164
2018-03-11 22:00:00,3,9859,9774,85
2018-03-11 22:00:00,4,10512,10422,90
2018-03-11 23:00:00,3,10248,9990,258
2018-03-11 23:00:00,4,9983,9882,101
2018-03-12 00:00:00,3,10756,10584,172
2018-03-12 00:00:00,4,10488,10422,66
2018-03-12 01:00:00,3,10144,9996,148
2018-03-12 01:00:00,4,10418,10206,212
2018-03-12 02:00:00,3,11028,10854,174
2018-03-12 02:00:00,4,10528,10422,106
2018-03-12 03:00:00,3,9978,9828,150
2018-03-12 03:00:00,4,10308,10030,278
2018-03-12 04:00:00,3,10028,9774,254
2018-03-12 04:00:00,4,10465,10368,97
2018-03-12 05:00:00,3,10616,10476,140
2018-03-12 05:00:00,4,6948,6750,198
2018-03-12 06:00:00,3,10888,10584,304
2018-03-12 06:00:00,4,4981,4968,13
2018-03-12 07:00:00,3,8766,8640,126
2018-03-12 07:00:00,4,9254,9126,128
2018-03-12 08:00:00,3,9036,8720,316
2018-03-12 08:00:00,4,10521,10584,-63
2018-03-12 09:00:00,3,8462,8208,254
2018-03-12 09:00:00,4,11082,10962,120
2018-03-12 10:00:00,3,3328,3078,250
2018-03-12 10:00:00,4,8728,8640,88
2018-03-12 11:00:00,3,10284,10368,-84
2018-03-12 11:00:00,4,10580,10374,206
2018-03-12 12:00:00,3,9686,9504,182
2018-03-12 12:00:00,4,9811,9936,-125
2018-03-12 13:00:00,3,5189,5562,-373
2018-03-12 13:00:00,4,10607,10368,239
2018-03-12 14:00:00,4,9834,9774,60
2018-03-12 15:00:00,4,10062,9882,180
2018-03-12 16:00:00,3,20,0,20
2018-03-12 16:00:00,4,10231,10098,133
2018-03-12 17:00:00,3,8936,8856,80
2018-03-12 17:00:00,4,10318,10340,-22
2018-03-12 18:00:00,3,10160,10098,62
2018-03-12 18:00:00,4,10324,10206,118
2018-03-12 19:00:00,3,7408,7290,118
2018-03-12 19:00:00,4,8632,8748,-116
2018-03-12 20:00:00,3,8884,8748,136
2018-03-12 20:00:00,4,10626,10368,258
2018-03-12 21:00:00,3,9439,9288,151
2018-03-12 21:00:00,4,10341,10422,-81
2018-03-12 22:00:00,3,9492,9396,96
2018-03-12 22:00:00,4,9754,9666,88
2018-03-12 23:00:00,3,9800,9612,188
2018-03-12 23:00:00,4,9831,9828,3
2018-03-13 00:00:00,3,9936,9848,88
2018-03-13 00:00:00,4,10471,10198,273
2018-03-13 01:00:00,3,8596,8370,226
2018-03-13 01:00:00,4,9714,9558,156
2018-03-13 02:00:00,3,9920,9774,146
2018-03-13 02:00:00,4,9573,9504,69
2018-03-13 03:00:00,3,10256,10152,104
2018-03-13 03:00:00,4,9315,9180,135
2018-03-13 04:00:00,3,10288,10098,190
2018-03-13 04:00:00,4,10160,9990,170
2018-03-13 05:00:00,3,9452,9180,272
2018-03-13 05:00:00,4,9654,9558,96
2018-03-13 06:00:00,3,6384,6210,174
2018-03-13 06:00:00,4,6266,6264,2
2018-03-13 07:00:00,3,9536,9436,100
2018-03-13 07:00:00,4,10089,10002,87
2018-03-13 08:00:00,3,8840,8640,200
2018-03-13 08:00:00,4,9726,9558,168
2018-03-13 09:00:00,3,9515,9342,173
2018-03-13 09:00:00,4,10424,10422,2
2018-03-13 10:00:00,3,10262,10206,56
2018-03-13 10:00:00,4,8134,8046,88
2018-03-13 11:00:00,3,10436,10260,176
2018-03-13 11:00:00,4,10384,10260,124
2018-03-13 12:00:00,3,9936,9828,108
2018-03-13 12:00:00,4,10052,10044,8
2018-03-13 13:00:00,3,10627,10476,151
2018-03-13 13:00:00,4,414,810,-396
2018-03-13 14:00:00,3,10572,10428,144
2018-03-13 15:00:00,3,9528,9396,132
2018-03-13 16:00:00,3,9932,9666,266
2018-03-13 16:00:00,4,1406,648,758
2018-03-13 17:00:00,3,10112,9936,176
2018-03-13 17:00:00,4,8466,8370,96
2018-03-13 18:00:00,3,9888,9720,168
2018-03-13 18:00:00,4,9891,9666,225
2018-03-13 19:00:00,3,9542,9396,146
2018-03-13 19:00:00,4,9700,9666,34
2018-03-13 20:00:00,3,10534,10286,248
2018-03-13 20:00:00,4,10555,10314,241
2018-03-13 21:00:00,3,10568,10368,200
2018-03-13 21:00:00,4,10708,10638,70
2018-03-13 22:00:00,3,10060,9990,70
2018-03-13 22:00:00,4,9823,9720,103
2018-03-13 23:00:00,3,8584,8532,52
2018-03-13 23:00:00,4,9292,9092,200
2018-03-14 00:00:00,3,9996,9774,222
2018-03-14 00:00:00,4,7058,7506,-448
2018-03-14 01:00:00,3,5596,5508,88
2018-03-14 01:00:00,4,2836,2268,568
2018-03-14 02:00:00,3,10132,10098,34
2018-03-14 02:00:00,4,9480,9396,84
2018-03-14 03:00:00,3,10448,10414,34
2018-03-14 03:00:00,4,10532,10422,110
2018-03-14 04:00:00,3,10564,10422,142
2018-03-14 04:00:00,4,10180,10044,136
2018-03-14 05:00:00,3,11092,10962,130
2018-03-14 05:00:00,4,9880,9828,52
2018-03-14 06:00:00,3,10548,10584,-36
2018-03-14 06:00:00,4,9116,8856,260
2018-03-14 07:00:00,3,10368,10206,162
2018-03-14 07:00:00,4,10659,10584,75
2018-03-14 08:00:00,3,10756,10692,64
2018-03-14 08:00:00,4,10021,9902,119
2018-03-14 09:00:00,3,9880,9828,52
2018-03-14 09:00:00,4,10056,9828,228
2018-03-14 10:00:00,3,10760,10704,56
2018-03-14 10:00:00,4,9900,9774,126
2018-03-14 11:00:00,3,8504,8262,242
2018-03-14 11:00:00,4,10984,10746,238
2018-03-14 12:00:00,3,9846,9882,-36
2018-03-14 12:00:00,4,10816,10746,70
2018-03-14 13:00:00,3,10514,10476,38
2018-03-14 13:00:00,4,10136,10044,92
2018-03-14 14:00:00,3,9682,9612,70
2018-03-14 14:00:00,4,10083,9976,107
2018-03-14 15:00:00,3,10212,10098,114
2018-03-14 15:00:00,4,10580,10530,50
2018-03-14 16:00:00,3,6230,6696,-466
2018-03-14 16:00:00,4,10536,10368,168
2018-03-14 17:00:00,4,10424,10314,110
2018-03-14 18:00:00,4,10472,10314,158
2018-03-14 19:00:00,3,7261,6534,727
2018-03-14 19:00:00,4,10484,10476,8
2018-03-14 20:00:00,3,9624,9558,66
2018-03-14 20:00:00,4,10495,10314,181
2018-03-14 21:00:00,3,10520,10476,44
2018-03-14 21:00:00,4,10512,10320,192
2018-03-14 22:00:00,3,9816,9666,150
2018-03-14 22:00:00,4,10044,9990,54
2018-03-14 23:00:00,3,10064,10044,20
2018-03-14 23:00:00,4,10856,10692,164
2018-03-15 00:00:00,3,10176,9936,240
2018-03-15 00:00:00,4,10100,10044,56
2018-03-15 01:00:00,3,10749,10604,145
2018-03-15 01:00:00,4,10136,9990,146
2018-03-15 02:00:00,3,9560,9234,326
2018-03-15 02:00:00,4,10172,9990,182
2018-03-15 03:00:00,3,10112,9774,338
2018-03-15 03:00:00,4,10711,10610,101
2018-03-15 04:00:00,3,9250,9018,232
2018-03-15 04:00:00,4,9200,8964,236
2018-03-15 05:00:00,3,10692,10638,54
2018-03-15 05:00:00,4,10904,10800,104
2018-03-15 06:00:00,3,10540,10422,118
2018-03-15 06:00:00,4,10492,10368,124
2018-03-15 07:00:00,3,9355,9234,121
2018-03-15 07:00:00,4,2900,3240,-340
2018-03-15 08:00:00,3,9536,9490,46
2018-03-15 08:00:00,4,8238,7506,732
2018-03-15 09:00:00,3,9749,9504,245
2018-03-15 09:00:00,4,3320,3672,-352
2018-03-15 10:00:00,3,6706,7020,-314
2018-03-15 16:00:00,4,6168,6048,120
2018-03-15 17:00:00,4,4139,3942,197
2018-03-15 18:00:00,4,10592,10476,116
2018-03-15 19:00:00,4,10432,10260,172
2018-03-15 20:00:00,4,10728,10638,90
2018-03-15 21:00:00,4,10460,10368,92
2018-03-15 22:00:00,4,10296,10118,178
2018-03-15 23:00:00,4,8883,8640,243
2018-03-16 00:00:00,4,10012,9936,76
2018-03-16 01:00:00,3,4446,3888,558
2018-03-16 01:00:00,4,10832,10746,86
2018-03-16 02:00:00,3,9400,9234,166
2018-03-16 02:00:00,4,10608,10584,24
2018-03-16 03:00:00,3,10072,10044,28
2018-03-16 03:00:00,4,9892,9774,118
2018-03-16 04:00:00,3,10504,10314,190
2018-03-16 04:00:00,4,10864,10732,132
2018-03-16 05:00:00,3,10384,10314,70
2018-03-16 05:00:00,4,10447,10530,-83
2018-03-16 06:00:00,3,10220,10098,122
2018-03-16 06:00:00,4,10652,10422,230
2018-03-16 07:00:00,3,10468,10422,46
2018-03-16 07:00:00,4,11044,10962,82
2018-03-16 08:00:00,3,10858,10766,92
2018-03-16 08:00:00,4,11020,10962,58
2018-03-16 09:00:00,3,9404,9234,170
2018-03-16 09:00:00,4,10832,10800,32
2018-03-16 10:00:00,3,7076,6912,164
2018-03-16 10:00:00,4,10864,10698,166
2018-03-16 11:00:00,3,10156,10098,58
2018-03-16 11:00:00,4,10639,10584,55
2018-03-16 12:00:00,3,9987,9882,105
2018-03-16 12:00:00,4,11072,11016,56
2018-03-16 13:00:00,3,10540,10476,64
2018-03-16 13:00:00,4,10480,10368,112
2018-03-16 14:00:00,3,10273,10246,27
2018-03-16 14:00:00,4,10788,10746,42
2018-03-16 15:00:00,3,10200,10152,48
2018-03-16 15:00:00,4,10392,10368,24
2018-03-16 16:00:00,3,10084,9990,94
2018-03-16 16:00:00,4,10784,10692,92
2018-03-16 17:00:00,3,9944,9828,116
2018-03-16 17:00:00,4,10327,10286,41
2018-03-16 18:00:00,3,9996,9936,60
2018-03-16 18:00:00,4,10220,10152,68
2018-03-16 19:00:00,3,9800,9666,134
2018-03-16 19:00:00,4,10728,10692,36
2018-03-16 20:00:00,3,10592,10422,170
2018-03-16 20:00:00,4,10604,10422,182
2018-03-16 21:00:00,3,9981,9942,39
2018-03-16 21:00:00,4,10668,10638,30
2018-03-16 22:00:00,3,10648,10476,172
2018-03-16 22:00:00,4,10860,10854,6
2018-03-16 23:00:00,3,10252,10098,154
2018-03-16 23:00:00,4,10975,10954,21
2018-03-17 00:00:00,3,10740,10584,156
2018-03-17 00:00:00,4,10100,9990,110
2018-03-17 01:00:00,3,10144,9990,154
2018-03-17 01:00:00,4,10028,9990,38
2018-03-17 02:00:00,3,10628,10476,152
2018-03-17 02:00:00,4,10684,10584,100
2018-03-17 03:00:00,3,10593,10556,37
2018-03-17 03:00:00,4,10800,10746,54
2018-03-17 04:00:00,3,4832,10190,-5358
2018-03-17 04:00:00,4,10776,10692,84
2018-03-17 05:00:00,3,7732,9962,-2230
2018-03-17 05:00:00,4,10256,10164,92
2018-03-17 06:00:00,3,10212,10152,60
2018-03-17 06:00:00,4,10627,10638,-11
2018-03-17 07:00:00,3,5994,6318,-324
2018-03-17 07:00:00,4,10576,10422,154
2018-03-17 08:00:00,3,10310,9612,698
2018-03-17 08:00:00,4,10412,10368,44
2018-03-17 09:00:00,3,9816,9666,150
2018-03-17 09:00:00,4,10824,10800,24
2018-03-17 10:00:00,3,10244,10152,92
2018-03-17 10:00:00,4,8860,8802,58
2018-03-17 11:00:00,3,10384,10206,178
2018-03-17 11:00:00,4,10640,10562,78
2018-03-17 12:00:00,3,10296,10152,144
2018-03-17 12:00:00,4,6777,7236,-459
2018-03-17 13:00:00,3,10748,10746,2
2018-03-17 13:00:00,4,3058,2376,682
2018-03-17 14:00:00,3,10102,9956,146
2018-03-17 14:00:00,4,10496,10476,20
2018-03-17 15:00:00,3,10544,10530,14
2018-03-17 15:00:00,4,10804,10746,58
2018-03-17 16:00:00,3,10600,10476,124
2018-03-17 16:00:00,4,10540,10422,118
2018-03-17 17:00:00,3,10488,10422,66
2018-03-17 17:00:00,4,10344,10260,84
2018-03-17 18:00:00,3,10932,10854,78
2018-03-17 18:00:00,4,10440,10368,72
2018-03-17 19:00:00,3,10764,10692,72
2018-03-17 19:00:00,4,10490,10476,14
2018-03-17 20:00:00,3,9990,9922,68
2018-03-17 20:00:00,4,10188,10064,124
2018-03-17 21:00:00,3,8960,8856,104
2018-03-17 21:00:00,4,8692,8640,52
2018-03-17 22:00:00,3,9388,9396,-8
2018-03-17 22:00:00,4,9336,9234,102
2018-03-17 23:00:00,3,10588,10422,166
2018-03-17 23:00:00,4,9976,9990,-14
2018-03-18 00:00:00,3,10728,10746,-18
2018-03-18 00:00:00,4,10688,10530,158
2018-03-18 01:00:00,3,8884,8856,28
2018-03-18 01:00:00,4,10448,10422,26
2018-03-18 02:00:00,3,10852,10746,106
2018-03-18 02:00:00,4,10798,10678,120
2018-03-18 03:00:00,3,10566,10428,138
2018-03-18 03:00:00,4,10652,10638,14
2018-03-18 04:00:00,3,10600,10584,16
2018-03-18 04:00:00,4,10964,10800,164
2018-03-18 05:00:00,3,10940,10854,86
2018-03-18 05:00:00,4,11044,11070,-26
2018-03-18 06:00:00,3,10636,10584,52
2018-03-18 06:00:00,4,10136,9990,146
2018-03-18 07:00:00,3,9884,9720,164
2018-03-18 07:00:00,4,10672,10584,88
2018-03-18 08:00:00,3,10612,10530,82
2018-03-18 08:00:00,4,11066,10968,98
2018-03-18 09:00:00,3,10366,10286,80
2018-03-18 09:00:00,4,10940,10854,86
2018-03-18 10:00:00,3,10084,9936,148
2018-03-18 10:00:00,4,11068,11016,52
2018-03-18 11:00:00,3,10472,10368,104
2018-03-18 11:00:00,4,10976,10908,68
2018-03-18 12:00:00,3,10300,10314,-14
2018-03-18 12:00:00,4,11068,10962,106
2018-03-18 13:00:00,3,6918,7236,-318
2018-03-18 13:00:00,4,10776,10746,30
2018-03-18 14:00:00,3,6762,6048,714
2018-03-18 14:00:00,4,11034,10880,154
2018-03-18 15:00:00,3,10508,10314,194
2018-03-18 15:00:00,4,10764,10746,18
2018-03-18 16:00:00,3,10736,10584,152
2018-03-18 16:00:00,4,9548,9450,98
2018-03-18 17:00:00,3,10030,9882,148
2018-03-18 17:00:00,4,10616,10584,32
2018-03-18 18:00:00,3,9908,9828,80
2018-03-18 18:00:00,4,10676,10584,92
2018-03-18 19:00:00,3,10764,10584,180
2018-03-18 19:00:00,4,10572,10530,42
2018-03-18 20:00:00,3,9764,9524,240
2018-03-18 20:00:00,4,10534,10530,4
2018-03-18 21:00:00,3,10224,10152,72
2018-03-18 21:00:00,4,10416,10306,110
2018-03-18 22:00:00,3,7312,7722,-410
2018-03-18 22:00:00,4,10388,10314,74
2018-03-18 23:00:00,3,8882,8154,728
2018-03-18 23:00:00,4,10276,10206,70
2018-03-19 00:00:00,3,5120,5130,-10
2018-03-19 00:00:00,4,4515,4482,33
2018-03-19 01:00:00,3,10256,10098,158
2018-03-19 01:00:00,4,10764,10746,18
2018-03-19 02:00:00,3,10544,10422,122
2018-03-19 02:00:00,4,10676,10530,146
2018-03-19 03:00:00,3,10680,10692,-12
2018-03-19 03:00:00,4,10417,10434,-17
2018-03-19 04:00:00,3,10072,9936,136
2018-03-19 04:00:00,4,10784,10692,92
2018-03-19 05:00:00,3,10142,10044,98
2018-03-19 05:00:00,4,10884,10746,138
2018-03-19 06:00:00,3,9256,9092,164
2018-03-19 06:00:00,4,10544,10530,14
2018-03-19 07:00:00,3,9304,9072,232
2018-03-19 07:00:00,4,10828,10800,28
2018-03-19 08:00:00,3,10288,10206,82
2018-03-19 08:00:00,4,10780,10692,88
2018-03-19 09:00:00,3,10584,10530,54
2018-03-19 09:00:00,4,10439,10368,71
2018-03-19 10:00:00,3,11060,11016,44
2018-03-19 10:00:00,4,3886,4298,-412
2018-03-19 11:00:00,3,10392,10314,78
2018-03-19 11:00:00,4,4942,4266,676
2018-03-19 12:00:00,3,10690,10570,120
2018-03-19 12:00:00,4,10824,10746,78
2018-03-19 13:00:00,3,10204,10152,52
2018-03-19 13:00:00,4,10880,10854,26
2018-03-19 14:00:00,3,9956,9882,74
2018-03-19 14:00:00,4,10452,10422,30
2018-03-19 15:00:00,3,10292,10152,140
2018-03-19 15:00:00,4,9736,9612,124
2018-03-19 16:00:00,3,10748,10638,110
2018-03-19 16:00:00,4,10468,10422,46
2018-03-19 17:00:00,3,10836,10800,36
2018-03-19 17:00:00,4,11194,11090,104
2018-03-19 18:00:00,3,10430,10320,110
2018-03-19 18:00:00,4,9952,9882,70
2018-03-19 19:00:00,3,10868,10692,176
2018-03-19 19:00:00,4,10176,10098,78
2018-03-19 20:00:00,3,10624,10638,-14
2018-03-19 20:00:00,4,9876,9828,48
2018-03-19 21:00:00,3,9796,9720,76
2018-03-19 21:00:00,4,9800,9882,-82
2018-03-19 22:00:00,3,10656,10530,126
2018-03-19 22:00:00,4,10756,10476,280
2018-03-19 23:00:00,3,10636,10584,52
2018-03-19 23:00:00,4,10760,10692,68
2018-03-20 00:00:00,3,10262,10152,110
2018-03-20 00:00:00,4,10082,9976,106
2018-03-20 01:00:00,3,10416,10340,76
2018-03-20 01:00:00,4,10264,10152,112
2018-03-20 02:00:00,3,9284,9072,212
2018-03-20 02:00:00,4,11144,11070,74
2018-03-20 03:00:00,3,3042,3564,-522
2018-03-20 03:00:00,4,10263,10206,57
2018-03-20 04:00:00,4,10572,10476,96
2018-03-20 05:00:00,4,9340,9180,160
2018-03-20 06:00:00,4,10349,10158,191
2018-03-20 07:00:00,4,10296,10206,90
2018-03-20 08:00:00,4,11084,10854,230
2018-03-20 09:00:00,4,9672,9558,114
2018-03-20 10:00:00,4,10024,9936,88
2018-03-20 11:00:00,4,9864,9828,36
2018-03-20 12:00:00,4,10373,10206,167
2018-03-20 13:00:00,4,9408,9206,202
2018-03-20 14:00:00,4,9784,9720,64
2018-03-20 15:00:00,3,5296,4536,760
2018-03-20 15:00:00,4,10220,10098,122
2018-03-20 16:00:00,3,10628,10476,152
2018-03-20 16:00:00,4,9764,9612,152
2018-03-20 17:00:00,3,10644,10584,60
2018-03-20 17:00:00,4,7724,7614,110
2018-03-20 18:00:00,3,10400,10314,86
2018-03-20 18:00:00,4,10432,10314,118
2018-03-20 19:00:00,3,10624,10638,-14
2018-03-20 19:00:00,4,10509,10422,87
2018-03-20 20:00:00,3,9944,9828,116
2018-03-20 20:00:00,4,10780,10684,96
2018-03-20 21:00:00,3,8708,8802,-94
2018-03-20 21:00:00,4,10516,10530,-14
2018-03-20 22:00:00,4,10760,10692,68
2018-03-20 23:00:00,3,1184,992,192
2018-03-20 23:00:00,4,9936,9828,108
2018-03-21 00:00:00,3,1896,1836,60
2018-03-21 00:00:00,4,10092,9936,156
2018-03-21 01:00:00,3,5084,4968,116
2018-03-21 01:00:00,4,9920,9828,92
2018-03-21 02:00:00,3,3968,3618,350
2018-03-21 02:00:00,4,9941,9732,209
2018-03-21 03:00:00,3,10540,10314,226
2018-03-21 03:00:00,4,10624,10584,40
2018-03-21 04:00:00,3,9804,9774,30
2018-03-21 04:00:00,4,10876,10800,76
2018-03-21 05:00:00,3,10084,9828,256
2018-03-21 05:00:00,4,10048,9990,58
2018-03-21 06:00:00,3,9988,9774,214
2018-03-21 06:00:00,4,10656,10530,126
2018-03-21 07:00:00,3,8960,8910,50
2018-03-21 07:00:00,4,5782,6210,-428
2018-03-21 08:00:00,3,9500,9220,280
2018-03-21 09:00:00,3,7928,7938,-10
2018-03-21 10:00:00,3,304,54,250
2018-03-21 11:00:00,3,3644,3564,80
2018-03-21 12:00:00,3,10480,10314,166
2018-03-21 13:00:00,3,10588,10368,220
2018-03-21 14:00:00,3,9932,9774,158
2018-03-21 15:00:00,3,7720,7614,106
2018-03-21 16:00:00,4,1784,0,1784
2018-03-21 17:00:00,3,5488,5400,88
2018-03-21 17:00:00,4,80,0,80
2018-03-21 18:00:00,3,9668,9402,266
2018-03-21 19:00:00,3,10076,9936,140
2018-03-21 20:00:00,3,10952,10854,98
2018-03-21 21:00:00,3,2084,2106,-22
2018-03-21 22:00:00,3,10160,9990,170
2018-03-21 23:00:00,3,10672,10584,88
2018-03-22 00:00:00,3,9968,8802,1166
2018-03-22 00:00:00,4,466,0,466
2018-03-22 01:00:00,3,10304,10178,126
2018-03-22 01:00:00,4,9204,8856,348
2018-03-22 02:00:00,3,10264,10206,58
2018-03-22 02:00:00,4,10432,10314,118
2018-03-22 03:00:00,3,10056,9990,66
2018-03-22 03:00:00,4,10096,9990,106
2018-03-22 04:00:00,3,10396,10314,82
2018-03-22 04:00:00,4,9196,9018,178
2018-03-22 05:00:00,3,10408,10206,202
2018-03-22 05:00:00,4,10184,10044,140
2018-03-22 06:00:00,3,10512,10422,90
2018-03-22 06:00:00,4,10024,9882,142
2018-03-22 07:00:00,3,10918,10854,64
2018-03-22 07:00:00,4,10444,10334,110
2018-03-22 08:00:00,3,10768,10684,84
2018-03-22 08:00:00,4,9980,9774,206
2018-03-22 09:00:00,3,10468,10422,46
2018-03-22 09:00:00,4,7964,7884,80
2018-03-22 10:00:00,3,10968,10854,114
2018-03-22 10:00:00,4,10040,9828,212
2018-03-22 11:00:00,3,10924,10854,70
2018-03-22 11:00:00,4,9532,9450,82
2018-03-22 12:00:00,3,10319,10206,113
2018-03-22 12:00:00,4,10684,10530,154
2018-03-22 13:00:00,3,10160,10098,62
2018-03-22 13:00:00,4,10344,10260,84
2018-03-22 14:00:00,3,10660,10488,172
2018-03-22 14:00:00,4,10992,10840,152
2018-03-22 15:00:00,3,10559,10368,191
2018-03-22 15:00:00,4,9576,9450,126
2018-03-22 16:00:00,3,10732,10638,94
2018-03-22 16:00:00,4,10640,10530,110
2018-03-22 17:00:00,3,10280,10260,20
2018-03-22 17:00:00,4,10672,10638,34
2018-03-22 18:00:00,3,10020,9990,30
2018-03-22 18:00:00,4,10880,10692,188
2018-03-22 19:00:00,3,10667,10584,83
2018-03-22 19:00:00,4,10584,10530,54
2018-03-22 20:00:00,3,7970,8370,-400
2018-03-22 20:00:00,4,10132,9996,136
2018-03-22 21:00:00,3,5698,5022,676
2018-03-22 21:00:00,4,9704,9504,200
2018-03-22 22:00:00,3,10456,10530,-74
2018-03-22 22:00:00,4,10728,10638,90
2018-03-22 23:00:00,3,9836,9612,224
2018-03-22 23:00:00,4,10532,10422,110
2018-03-23 00:00:00,3,10344,10260,84
2018-03-23 00:00:00,4,1626,2160,-534
2018-03-23 01:00:00,3,10592,10476,116
2018-03-23 01:00:00,4,4174,3402,772
2018-03-23 02:00:00,3,10112,10098,14
2018-03-23 02:00:00,4,8556,8532,24
2018-03-23 03:00:00,3,10526,10388,138
2018-03-23 03:00:00,4,10328,10206,122
2018-03-23 04:00:00,3,9988,9936,52
2018-03-23 04:00:00,4,6576,6534,42
2018-03-23 05:00:00,3,10068,9990,78
2018-03-23 05:00:00,4,10996,10854,142
2018-03-23 06:00:00,3,9652,9558,94
2018-03-23 06:00:00,4,10012,9990,22
2018-03-23 07:00:00,3,10628,10530,98
2018-03-23 07:00:00,4,10652,10530,122
2018-03-23 08:00:00,3,10520,10368,152
2018-03-23 08:00:00,4,10778,10712,66
2018-03-23 09:00:00,3,3330,3510,-180
2018-03-23 09:00:00,4,3188,3294,-106
2018-03-23 11:00:00,3,7742,7506,236
2018-03-23 11:00:00,4,8100,7884,216
2018-03-23 12:00:00,3,10094,9976,118
2018-03-23 12:00:00,4,11120,11016,104
2018-03-23 13:00:00,3,10094,9990,104
2018-03-23 13:00:00,4,11144,11070,74
2018-03-23 14:00:00,3,9332,9180,152
2018-03-23 14:00:00,4,9892,9828,64
2018-03-23 15:00:00,3,10256,10260,-4
2018-03-23 15:00:00,4,10156,10098,58
2018-03-23 16:00:00,3,10076,9990,86
2018-03-23 16:00:00,4,10402,10300,102
2018-03-23 17:00:00,3,9492,9342,150
2018-03-23 17:00:00,4,10528,10422,106
2018-03-23 18:00:00,3,10308,10158,150
2018-03-23 18:00:00,4,10412,10260,152
2018-03-23 19:00:00,3,10240,10206,34
2018-03-23 19:00:00,4,10856,10800,56
2018-03-23 20:00:00,3,9435,9288,147
2018-03-23 20:00:00,4,9876,9828,48
2018-03-23 21:00:00,3,10064,9990,74
2018-03-23 21:00:00,4,10648,10476,172
2018-03-23 22:00:00,3,6635,6588,47
2018-03-23 22:00:00,4,7078,6864,214
2018-03-23 23:00:00,3,4230,4590,-360
2018-03-23 23:00:00,4,10596,10530,66
2018-03-24 00:00:00,3,3050,2484,566
2018-03-24 00:00:00,4,9895,9828,67
2018-03-24 01:00:00,3,10468,10422,46
2018-03-24 01:00:00,4,10228,10152,76
2018-03-24 02:00:00,3,10352,10260,92
2018-03-24 02:00:00,4,9104,9018,86
2018-03-24 03:00:00,3,10732,10638,94
2018-03-24 03:00:00,4,10620,10584,36
2018-03-24 04:00:00,3,10332,10206,126
2018-03-24 04:00:00,4,9876,9666,210
2018-03-24 05:00:00,3,10708,10638,70
2018-03-24 05:00:00,4,9060,8936,124
2018-03-24 06:00:00,3,9889,9882,7
2018-03-24 06:00:00,4,9392,9342,50
2018-03-24 07:00:00,3,10152,9956,196
2018-03-24 07:00:00,4,6876,6804,72
2018-03-24 08:00:00,3,10692,10530,162
2018-03-24 08:00:00,4,10284,10206,78
2018-03-24 09:00:00,3,10784,10746,38
2018-03-24 09:00:00,4,6860,6696,164
2018-03-24 10:00:00,3,10848,10746,102
2018-03-24 10:00:00,4,3644,3564,80
2018-03-24 11:00:00,3,10544,10422,122
2018-03-24 11:00:00,4,11176,11178,-2
2018-03-24 12:00:00,3,10496,10476,20
2018-03-24 12:00:00,4,11056,10908,148
2018-03-24 13:00:00,3,8661,8626,35
2018-03-24 13:00:00,4,10556,10468,88
2018-03-24 14:00:00,3,1436,1404,32
2018-03-24 14:00:00,4,10252,10206,46
2018-03-24 15:00:00,3,10884,10746,138
2018-03-24 15:00:00,4,6928,6966,-38
2018-03-24 16:00:00,3,10760,10638,122
2018-03-24 17:00:00,3,11056,11016,40
2018-03-24 18:00:00,3,9932,9720,212
2018-03-24 18:00:00,4,7940,7668,272
2018-03-24 19:00:00,3,7744,7614,130
2018-03-24 19:00:00,4,10500,10476,24
2018-03-24 20:00:00,3,4796,4698,98
2018-03-24 20:00:00,4,10764,10692,72
2018-03-24 21:00:00,3,10297,10212,85
2018-03-24 21:00:00,4,9330,9558,-228
2018-03-24 22:00:00,3,10776,10638,138
2018-03-24 22:00:00,4,5369,4698,671
2018-03-24 23:00:00,3,9803,9828,-25
2018-03-24 23:00:00,4,11020,10962,58
2018-03-25 00:00:00,3,10360,10152,208
2018-03-25 00:00:00,4,10668,10638,30
2018-03-25 01:00:00,3,11056,11016,40
2018-03-25 01:00:00,4,10640,10584,56
2018-03-25 02:00:00,3,11047,11016,31
2018-03-25 02:00:00,4,10756,10638,118
2018-03-25 03:00:00,3,10515,10340,175
2018-03-25 03:00:00,4,10924,10854,70
2018-03-25 04:00:00,3,10844,10800,44
2018-03-25 04:00:00,4,10957,10820,137
2018-03-25 05:00:00,3,10216,10098,118
2018-03-25 05:00:00,4,11172,11016,156
2018-03-25 06:00:00,3,10824,10800,24
2018-03-25 06:00:00,4,11112,11070,42
2018-03-25 07:00:00,3,10612,10476,136
2018-03-25 07:00:00,4,9208,9180,28
2018-03-25 08:00:00,3,10364,10368,-4
2018-03-25 08:00:00,4,9964,9720,244
2018-03-25 09:00:00,3,11044,10954,90
2018-03-25 09:00:00,4,10740,10692,48
2018-03-25 10:00:00,3,11031,10908,123
2018-03-25 10:00:00,4,10657,10624,33
2018-03-25 11:00:00,3,10699,10638,61
2018-03-25 11:00:00,4,11092,10962,130
2018-03-25 12:00:00,3,10803,10746,57
2018-03-25 12:00:00,4,10644,10584,60
2018-03-25 13:00:00,3,10408,10368,40
2018-03-25 13:00:00,4,10320,10260,60
2018-03-25 14:00:00,3,10539,10476,63
2018-03-25 14:00:00,4,10548,10476,72
2018-03-25 15:00:00,3,11020,10920,100
2018-03-25 15:00:00,4,10064,10044,20
2018-03-25 16:00:00,3,10540,10476,64
2018-03-25 16:00:00,4,10472,10314,158
2018-03-25 17:00:00,3,10824,10746,78
2018-03-25 17:00:00,4,10733,10644,89
2018-03-25 18:00:00,3,10655,10584,71
2018-03-25 18:00:00,4,10864,10746,118
2018-03-25 19:00:00,3,10584,10530,54
2018-03-25 19:00:00,4,10500,10422,78
2018-03-25 20:00:00,3,10688,10638,50
2018-03-25 20:00:00,4,10680,10638,42
2018-03-25 21:00:00,3,10551,10476,75
2018-03-25 21:00:00,4,10584,10584,0
2018-03-25 22:00:00,3,8618,8996,-378
2018-03-25 22:00:00,4,10720,10530,190
2018-03-25 23:00:00,3,7666,6966,700
2018-03-25 23:00:00,4,10821,10610,211
2018-03-26 00:00:00,3,7072,6966,106
2018-03-26 00:00:00,4,9992,9882,110
2018-03-26 01:00:00,3,10456,10476,-20
2018-03-26 01:00:00,4,10244,10206,38
2018-03-26 02:00:00,3,9984,9882,102
2018-03-26 02:00:00,4,8914,9288,-374
2018-03-26 03:00:00,3,10540,10422,118
2018-03-26 03:00:00,4,4148,3510,638
2018-03-26 04:00:00,3,10932,10908,24
2018-03-26 04:00:00,4,10940,10854,86
2018-03-26 05:00:00,3,10185,10172,13
2018-03-26 05:00:00,4,9744,9666,78
2018-03-26 06:00:00,3,10404,10206,198
2018-03-26 06:00:00,4,10440,10422,18
2018-03-26 07:00:00,3,10312,10260,52
2018-03-26 07:00:00,4,10564,10368,196
2018-03-26 08:00:00,3,10191,10206,-15
2018-03-26 08:00:00,4,10944,10854,90
2018-03-26 09:00:00,3,9628,9558,70
2018-03-26 09:00:00,4,10208,10064,144
2018-03-26 10:00:00,3,10464,10368,96
2018-03-26 10:00:00,4,11112,11016,96
2018-03-26 11:00:00,3,10740,10692,48
2018-03-26 11:00:00,4,10760,10746,14
2018-03-26 12:00:00,3,11092,11056,36
2018-03-26 12:00:00,4,8716,8586,130
2018-03-26 13:00:00,3,10992,10854,138
2018-03-26 13:00:00,4,10880,10854,26
2018-03-26 14:00:00,3,10544,10530,14
2018-03-26 14:00:00,4,10720,10584,136
2018-03-26 15:00:00,3,10668,10584,84
2018-03-26 15:00:00,4,10448,10368,80
2018-03-26 16:00:00,3,10080,10044,36
2018-03-26 16:00:00,4,10828,10786,42
2018-03-26 17:00:00,3,9588,9450,138
2018-03-26 17:00:00,4,10372,10314,58
2018-03-26 18:00:00,3,1812,1728,84
2018-03-26 18:00:00,4,10748,10638,110
2018-03-26 19:00:00,3,5124,5076,48
2018-03-26 19:00:00,4,10756,10692,64
2018-03-26 20:00:00,3,10640,10590,50
2018-03-26 20:00:00,4,10924,10908,16
2018-03-26 21:00:00,3,10680,10584,96
2018-03-26 21:00:00,4,10948,10800,148
2018-03-26 22:00:00,3,10696,10638,58
2018-03-26 22:00:00,4,10908,10806,102
2018-03-26 23:00:00,3,10360,10422,-62
2018-03-26 23:00:00,4,10864,10854,10
2018-03-27 00:00:00,3,9480,9234,246
2018-03-27 00:00:00,4,10832,10800,32
2018-03-27 01:00:00,3,10060,9936,124
2018-03-27 01:00:00,4,10912,10800,112
2018-03-27 02:00:00,3,10360,10232,128
2018-03-27 02:00:00,4,10536,10476,60
2018-03-27 03:00:00,3,10148,10098,50
2018-03-27 03:00:00,4,10732,10692,40
2018-03-27 04:00:00,3,10331,10206,125
2018-03-27 04:00:00,4,10260,10178,82
2018-03-27 05:00:00,3,6068,5940,128
2018-03-27 05:00:00,4,10356,10260,96
2018-03-27 06:00:00,3,9861,9774,87
2018-03-27 06:00:00,4,10512,10476,36
2018-03-27 07:00:00,3,9724,9666,58
2018-03-27 07:00:00,4,10860,10800,60
2018-03-27 08:00:00,3,8048,7830,218
2018-03-27 08:00:00,4,10500,10368,132
2018-03-27 09:00:00,3,10564,10414,150
2018-03-27 09:00:00,4,10927,10908,19
2018-03-27 10:00:00,3,10596,10638,-42
2018-03-27 10:00:00,4,10143,10090,53
2018-03-27 11:00:00,3,10268,10152,116
2018-03-27 11:00:00,4,11036,11016,20
2018-03-27 12:00:00,3,10540,10314,226
2018-03-27 12:00:00,4,10820,10692,128
2018-03-27 13:00:00,3,10556,10476,80
2018-03-27 13:00:00,4,10496,10476,20
2018-03-27 14:00:00,3,10628,10584,44
2018-03-27 14:00:00,4,9872,9774,98
2018-03-27 15:00:00,3,10668,10542,126
2018-03-27 15:00:00,4,11152,11070,82
2018-03-27 16:00:00,3,10836,10692,144
2018-03-27 16:00:00,4,10767,10704,63
2018-03-27 17:00:00,3,10736,10638,98
2018-03-27 17:00:00,4,11100,11016,84
2018-03-27 18:00:00,3,10240,10152,88
2018-03-27 18:00:00,4,11160,11070,90
2018-03-27 19:00:00,3,10484,10260,224
2018-03-27 19:00:00,4,11040,10962,78
2018-03-27 20:00:00,3,5272,5130,142
2018-03-27 20:00:00,4,11112,11016,96
2018-03-27 21:00:00,3,10812,10746,66
2018-03-27 21:00:00,4,11136,11070,66
2018-03-27 22:00:00,3,10276,10098,178
2018-03-27 22:00:00,4,9799,9666,133
2018-03-27 23:00:00,3,10590,10422,168
2018-03-27 23:00:00,4,10788,10616,172
2018-03-28 00:00:00,3,10324,10260,64
2018-03-28 00:00:00,4,4148,3996,152
2018-03-28 01:00:00,3,10924,10800,124
2018-03-28 01:00:00,4,10940,10908,32
2018-03-28 02:00:00,3,10291,10206,85
2018-03-28 02:00:00,4,10816,10746,70
2018-03-28 03:00:00,3,10643,10442,201
2018-03-28 03:00:00,4,10908,10800,108
2018-03-28 04:00:00,3,10151,9990,161
2018-03-28 04:00:00,4,10268,10260,8
2018-03-28 05:00:00,3,9767,9666,101
2018-03-28 05:00:00,4,10544,10422,122
2018-03-28 06:00:00,3,10192,10044,148
2018-03-28 06:00:00,4,10644,10638,6
2018-03-28 07:00:00,3,10640,10530,110
2018-03-28 07:00:00,4,9854,9686,168
2018-03-28 08:00:00,3,10772,10638,134
2018-03-28 08:00:00,4,8796,8910,-114
2018-03-28 09:00:00,3,10656,10516,140
2018-03-28 09:00:00,4,9601,9288,313
2018-03-28 10:00:00,3,5082,5454,-372
2018-03-28 10:00:00,4,9592,9558,34
2018-03-28 11:00:00,3,3250,2700,550
2018-03-28 11:00:00,4,9448,9504,-56
2018-03-28 12:00:00,3,9928,9720,208
2018-03-28 12:00:00,4,8851,8856,-5
2018-03-28 13:00:00,3,10132,10098,34
2018-03-28 13:00:00,4,3400,3186,214
2018-03-28 14:00:00,3,7352,7344,8
2018-03-28 14:00:00,4,7330,7236,94
2018-03-28 15:00:00,3,9764,9558,206
2018-03-28 15:00:00,4,9576,9544,32
2018-03-28 16:00:00,3,10796,10746,50
2018-03-28 16:00:00,4,9632,9666,-34
2018-03-28 17:00:00,3,10768,10692,76
2018-03-28 17:00:00,4,10748,10476,272
2018-03-28 18:00:00,3,10614,10550,64
2018-03-28 18:00:00,4,9928,9774,154
2018-03-28 19:00:00,3,10692,10530,162
2018-03-28 19:00:00,4,10072,9936,136
2018-03-28 20:00:00,3,10724,10638,86
2018-03-28 20:00:00,4,9020,8910,110
2018-03-28 21:00:00,3,10324,10314,10
2018-03-28 21:00:00,4,10374,10212,162
2018-03-28 22:00:00,3,10760,10692,68
2018-03-28 22:00:00,4,2114,2592,-478
2018-03-28 23:00:00,3,10452,10260,192
2018-03-29 00:00:00,3,10168,10138,30
2018-03-29 00:00:00,4,5238,4536,702
2018-03-29 01:00:00,3,10770,10746,24
2018-03-29 01:00:00,4,10840,10746,94
2018-03-29 02:00:00,3,4848,4806,42
2018-03-29 02:00:00,4,5140,5076,64
2018-03-29 16:00:00,3,47286,44609,2677
2018-03-29 16:00:00,4,6676,6534,142
2018-03-29 17:00:00,3,10396,10314,82
2018-03-29 17:00:00,4,3984,3942,42
2018-03-29 18:00:00,3,9286,9240,46
2018-03-29 18:00:00,4,10340,10260,80
2018-03-29 19:00:00,3,9495,9422,73
2018-03-29 19:00:00,4,9672,9612,60
2018-03-29 20:00:00,3,10640,10476,164
2018-03-29 20:00:00,4,10660,10530,130
2018-03-29 21:00:00,3,10503,10476,27
2018-03-29 21:00:00,4,9968,9936,32
2018-03-29 22:00:00,3,6652,6588,64
2018-03-29 22:00:00,4,5744,5616,128
2018-03-29 23:00:00,3,10636,10584,52
2018-03-29 23:00:00,4,9472,9342,130
2018-03-30 00:00:00,3,10328,10260,68
2018-03-30 00:00:00,4,10546,10442,104
2018-03-30 01:00:00,3,9858,9774,84
2018-03-30 01:00:00,4,10340,10260,80
2018-03-30 02:00:00,3,10340,10306,34
2018-03-30 02:00:00,4,10524,10476,48
2018-03-30 03:00:00,3,5860,5778,82
2018-03-30 03:00:00,4,10668,10584,84
2018-03-30 04:00:00,3,9623,9558,65
2018-03-30 04:00:00,4,10632,10476,156
2018-03-30 05:00:00,3,9772,9666,106
2018-03-30 05:00:00,4,10720,10692,28
2018-03-30 06:00:00,3,9324,9280,44
2018-03-30 06:00:00,4,10922,10800,122
2018-03-30 07:00:00,3,9828,9720,108
2018-03-30 07:00:00,4,10632,10570,62
2018-03-30 08:00:00,3,10305,10206,99
2018-03-30 08:00:00,4,10296,10152,144
2018-03-30 09:00:00,3,9884,9828,56
2018-03-30 09:00:00,4,10744,10638,106
2018-03-30 10:00:00,3,10087,9936,151
2018-03-30 10:00:00,4,10268,10206,62
2018-03-30 11:00:00,3,9852,9774,78
2018-03-30 11:00:00,4,10552,10422,130
2018-03-30 12:00:00,3,10472,10380,92
2018-03-30 12:00:00,4,10440,10368,72
2018-03-30 13:00:00,3,10748,10638,110
2018-03-30 13:00:00,4,10950,10806,144
2018-03-30 14:00:00,3,8256,8424,-168
2018-03-30 14:00:00,4,9708,9774,-66
2018-03-30 16:00:00,3,8836,8640,196
2018-03-30 16:00:00,4,9152,9018,134
2018-03-30 17:00:00,3,10728,10530,198
2018-03-30 17:00:00,4,10896,10746,150
2018-03-30 18:00:00,3,3402,3888,-486
2018-03-30 18:00:00,4,9312,9234,78
2018-03-30 19:00:00,3,10318,9612,706
2018-03-30 19:00:00,4,9808,9666,142
2018-03-30 20:00:00,3,8348,8316,32
2018-03-30 20:00:00,4,9958,9854,104
2018-03-30 21:00:00,3,10520,10422,98
2018-03-30 21:00:00,4,10468,10206,262
2018-03-30 22:00:00,3,10308,10314,-6
2018-03-30 22:00:00,4,9968,9882,86
2018-03-30 23:00:00,3,10844,10746,98
2018-03-30 23:00:00,4,10296,10206,90
2018-03-31 00:00:00,3,10672,10584,88
2018-03-31 00:00:00,4,10708,10476,232
2018-03-31 01:00:00,3,7298,7256,42
2018-03-31 01:00:00,4,1948,2376,-428
2018-03-31 02:00:00,3,10691,10638,53
2018-03-31 02:00:00,4,9584,9018,566
2018-03-31 03:00:00,3,10524,10422,102
2018-03-31 03:00:00,4,7780,7614,166
2018-03-31 04:00:00,3,9944,9828,116
2018-03-31 04:00:00,4,6452,6318,134
2018-03-31 05:00:00,3,9992,9882,110
2018-03-31 05:00:00,4,10716,10584,132
2018-03-31 06:00:00,3,9648,9720,-72
2018-03-31 06:00:00,4,10648,10584,64
2018-03-31 07:00:00,3,10500,10260,240
2018-03-31 07:00:00,4,10884,10746,138
2018-03-31 08:00:00,3,10733,10678,55
2018-03-31 08:00:00,4,11274,11144,130
2018-03-31 09:00:00,3,10460,10422,38
2018-03-31 09:00:00,4,10820,10746,74
2018-03-31 10:00:00,3,10072,9990,82
2018-03-31 10:00:00,4,10852,10746,106
2018-03-31 11:00:00,3,10648,10530,118
2018-03-31 11:00:00,4,10992,10908,84
2018-03-31 12:00:00,3,10460,10422,38
2018-03-31 12:00:00,4,10408,10260,148
2018-03-31 13:00:00,3,10544,10476,68
2018-03-31 13:00:00,4,10828,10746,82
2018-03-31 14:00:00,3,10765,10644,121
2018-03-31 14:00:00,4,10794,10746,48
2018-03-31 15:00:00,3,10440,10422,18
2018-03-31 15:00:00,4,10512,10354,158
2018-03-31 16:00:00,3,10960,10854,106
2018-03-31 16:00:00,4,9752,9720,32
2018-03-31 17:00:00,3,10588,10530,58
2018-03-31 17:00:00,4,10296,10098,198
2018-03-31 18:00:00,3,10204,10098,106
2018-03-31 18:00:00,4,10184,10152,32
2018-03-31 19:00:00,3,10588,10476,112
2018-03-31 19:00:00,4,10976,10908,68
2018-03-31 20:00:00,3,10917,10826,91
2018-03-31 20:00:00,4,10452,10368,84
2018-03-31 21:00:00,3,10580,10530,50
2018-03-31 21:00:00,4,10858,10752,106
2018-03-31 22:00:00,3,10828,10746,82
2018-03-31 22:00:00,4,1384,1296,88
2018-03-31 23:00:00,3,10092,9936,156
2018-03-31 23:00:00,4,92,216,-124
